Two axis displacement sensor detected
Tareing....
time(us),power(pwm/255),position(deg),force(grams)
199332,25,-0.63,-0.92,0.09
261032,25,-2.10,-3.09,0.10
322132,25,-3.09,-4.62,-0.08
383220,25,-3.09,-4.62,0.10
444280,25,-3.09,-4.62,0.08
505360,25,-3.09,-4.62,0.06
566428,25,-3.09,-4.62,0.01
627492,25,-3.09,-4.62,0.21
688560,25,-3.09,-4.62,-0.07
749636,25,-3.09,-4.62,0.13
810692,25,-3.09,-4.62,-0.06
871784,25,-3.09,-4.62,-0.13
932856,25,-3.09,-4.62,-0.03
993928,25,-3.09,-4.62,0.01
1054984,25,-2.55,-4.62,0.06
1116060,25,-2.55,-4.62,0.12
1177128,25,-2.55,-4.62,0.08
1238184,25,-2.55,-4.62,0.17
1299240,25,-2.55,-4.62,0.00
1360296,25,-2.55,-4.62,-0.03
1421372,25,-2.55,-4.62,-0.04
1482424,25,-2.55,-4.62,-0.13
1543484,25,-2.55,-4.62,-0.21
1604548,25,-2.55,-4.62,0.04
1665616,25,-2.55,-4.62,0.10
1726688,25,-1.98,-4.62,0.09
1787740,25,-1.98,-4.62,0.03
1848804,25,-1.98,-4.62,-0.03
1909872,25,-1.98,-4.62,0.03
1970916,25,-1.98,-4.62,0.02
2031976,25,-1.98,-4.62,0.08
2093028,25,-1.98,-4.62,0.17
2154080,25,-1.98,-4.62,-0.11
2215160,25,-1.98,-4.62,-0.04
2276220,25,-1.98,-4.62,-0.05
2337292,25,-1.98,-4.62,0.10
2398344,25,-1.98,-4.62,0.13
2459392,25,-1.98,-4.62,0.07
2520464,25,-1.98,-4.62,0.13
2581524,25,-1.43,-4.62,0.01
2642568,25,-1.43,-4.62,0.15
2703640,25,-1.43,-4.62,0.14
2764692,25,-1.43,-4.62,0.04
2825756,25,-1.43,-4.62,-0.13
2886824,25,-1.43,-4.62,0.10
2947864,25,-1.43,-4.62,0.04
3008936,25,-1.43,-4.62,-0.00
3069996,25,-1.43,-4.62,0.17
3131052,25,-1.43,-4.62,0.10
3192116,25,-1.43,-4.62,0.04
3253172,25,-1.43,-4.62,-0.06
3314236,25,-1.43,-4.62,0.02
3375296,25,-0.89,-4.62,0.00
3436348,25,-0.89,-4.62,-0.19
3497424,25,-0.89,-4.62,0.00
3558480,25,-0.89,-4.62,0.16
3619536,25,-0.89,-4.62,0.07
3680600,25,-0.89,-4.62,0.02
3741652,25,-0.89,-4.62,-0.03
3802720,25,-0.89,-4.62,0.05
3863788,25,-0.89,-4.62,0.06
3924836,25,-0.89,-4.62,0.05
3985904,25,-0.89,-4.62,0.09
4046964,25,-0.89,-4.62,0.09
4108012,25,-0.19,-4.62,0.02
4169076,25,-0.19,-4.62,-0.01
4230140,25,-0.19,-4.62,0.07
4291184,25,-0.19,-4.62,0.00
4352260,25,-0.19,-4.62,-0.00
4413316,25,-0.19,-4.62,-0.03
4474396,25,-0.19,-4.62,0.07
4535444,25,-0.19,-4.62,0.03
4596504,25,-0.19,-4.62,0.01
4657568,25,-0.19,-4.62,-0.06
4718652,25,-0.19,-4.62,0.08
4779700,25,-0.19,-4.62,-0.05
4840788,25,-0.19,-4.62,0.03
4901844,25,-0.19,-4.62,-0.04
4962936,25,-0.19,-4.62,-0.05
5024016,25,-0.19,-4.62,-0.06
5085088,25,-0.19,-4.62,-0.06
5146176,25,-0.19,-4.62,0.03
5207256,25,0.37,-4.62,0.12
5268316,25,0.37,-4.62,0.09
5329412,25,0.37,-4.62,0.02
5390488,25,0.37,-4.62,0.21
5451560,25,0.37,-4.62,0.06
5512648,25,0.37,-4.62,0.18
5573736,25,0.37,-4.62,0.16
5634804,25,0.37,-4.62,0.06
5695876,25,0.37,-4.62,-0.03
5756944,25,0.37,-4.62,0.05
5817996,25,0.37,-4.62,0.11
5879068,25,0.87,-4.62,0.07
5940140,25,0.87,-4.62,-0.10
6001220,25,0.87,-4.62,0.13
6062300,25,0.87,-4.62,0.14
6123376,25,0.87,-4.62,0.04
6184460,25,0.87,-4.62,0.01
6245536,25,0.87,-4.62,0.03
6306608,25,0.87,-4.62,-0.04
6367696,25,0.87,-4.62,0.03
6428760,25,0.87,-4.62,-0.11
6489836,25,0.87,-4.62,-0.04
6550916,25,0.87,-4.62,0.12
6611984,25,0.87,-4.62,0.04
6673052,25,1.38,-4.62,-0.01
6734148,25,1.38,-4.62,0.10
6795188,25,1.38,-4.62,0.06
6856268,25,1.38,-4.62,0.05
6917352,25,1.38,-4.62,0.04
6978416,25,1.38,-4.62,-0.08
7039500,25,1.38,-4.62,0.03
7100548,25,1.38,-4.62,-0.06
7161616,25,1.38,-4.62,-0.05
7222684,25,1.38,-4.62,0.01
7283736,25,1.38,-4.62,-0.01
7344808,25,1.38,-4.62,-0.07
7405868,25,1.38,-4.62,0.04
7466920,25,1.38,-4.62,-0.02
7527988,25,1.90,-4.62,0.03
7589048,25,1.90,-4.62,0.05
7650104,25,1.90,-4.62,-0.01
7711172,25,1.90,-4.62,-0.02
7772244,25,1.90,-4.62,0.08
7833292,25,1.90,-4.62,-0.05
7894372,25,1.90,-4.62,0.07
7955416,25,1.90,-4.62,-0.00
8016488,25,1.90,-4.62,0.11
8077544,25,1.90,-4.62,-0.04
8138608,25,1.90,-4.62,-0.03
8199680,25,1.90,-4.62,-0.05
8260740,25,1.90,-4.62,-0.01
8321796,25,1.90,-4.62,0.13
8382856,25,1.90,-4.62,0.01
8443912,25,2.42,-4.62,0.04
8504980,25,2.42,-4.62,-0.06
8566060,25,2.42,-4.62,0.16
8627108,25,2.42,-4.62,0.05
8688168,25,2.42,-4.62,0.07
8749240,25,2.42,-4.62,0.08
8810300,25,2.42,-4.62,0.01
8871380,25,2.42,-4.62,0.05
8932432,25,2.42,-4.62,-0.03
8993500,25,2.42,-4.62,0.00
9054564,25,3.03,-4.62,0.07
9115624,25,3.03,-4.62,0.04
9176688,25,3.03,-4.62,-0.01
9237768,25,3.03,-4.62,-0.11
9298824,25,3.03,-4.62,0.05
9359884,25,3.03,-4.62,0.08
9420952,25,3.03,-4.62,0.12
9482012,25,3.03,-4.62,0.02
9543084,25,3.03,-4.62,0.12
9604152,25,3.03,-4.62,0.10
9665212,25,3.03,-4.11,0.10
9726288,25,3.03,-4.11,-0.02
9787364,25,3.03,-4.11,0.09
9848440,25,3.58,-4.11,0.06
9909528,25,3.58,-4.11,-0.03
9970600,25,3.58,-4.11,-0.02
10031672,25,3.58,-4.11,-0.07
10092780,25,3.58,-4.11,0.10
10153828,25,3.58,-4.11,-0.03
10214912,25,3.58,-4.11,0.19
10275976,25,3.58,-4.11,0.09
10337036,25,3.58,-4.11,-0.05
10398108,25,3.58,-4.11,0.06
10459164,25,3.58,-4.11,0.04
10520224,25,3.58,-4.11,0.04
10581292,25,3.58,-4.11,0.07
10642352,25,3.58,-4.11,0.11
10703424,25,3.58,-4.11,-0.19
10764508,25,3.58,-4.11,-0.09
10825568,25,3.58,-4.11,-0.02
10886636,25,3.58,-4.11,0.02
10947692,25,3.58,-4.11,0.15
11008748,25,4.11,-4.11,0.10
11069808,25,4.11,-4.11,0.05
11130868,25,4.11,-4.11,-0.13
11191944,25,4.11,-4.11,0.01
11253032,25,4.11,-4.11,-0.08
11314100,25,4.11,-4.11,-0.07
11375172,25,4.11,-4.11,-0.01
11436248,25,4.11,-4.11,-0.01
11497316,25,4.11,-4.11,0.08
11558392,25,4.11,-4.11,-0.04
11619476,25,4.11,-4.11,0.05
11680532,25,4.65,-4.11,-0.06
11741628,25,4.65,-4.11,0.01
11802688,25,4.65,-4.11,0.01
11863728,25,4.65,-4.11,-0.01
11924804,25,4.65,-4.11,0.03
11985840,25,4.65,-4.11,-0.09
12046924,25,4.65,-4.11,0.06
12107964,25,4.65,-4.11,-0.05
12169024,25,4.65,-4.11,0.11
12230080,25,4.65,-4.11,0.02
12291140,25,4.65,-4.11,0.05
12352200,25,4.65,-4.11,-0.15
12413280,25,5.15,-4.11,-0.15
12474332,25,5.15,-4.11,-0.00
12535404,25,5.15,-4.11,-0.03
12596492,25,5.15,-4.11,-0.11
12657560,25,5.15,-4.11,0.12
12718628,25,5.15,-4.11,0.08
12779696,25,5.15,-4.11,0.14
12840764,25,5.15,-4.11,0.32
12901852,25,5.15,-4.11,0.16
12962924,25,5.15,-4.11,0.29
13024000,25,5.15,-4.11,0.20
13085068,25,5.15,-4.11,0.44
13146144,25,5.15,-4.11,0.47
13207212,25,5.15,-4.11,0.52
13268292,25,5.15,-4.11,0.36
13329348,25,5.15,-4.11,0.65
13390424,25,5.15,-4.11,0.66
13451508,25,5.15,-4.11,0.60
13512576,25,5.15,-4.11,0.59
13573652,25,5.15,-4.11,0.58
13634720,25,5.15,-4.11,0.74
13695788,25,5.15,-4.11,0.81
13756860,25,5.15,-4.11,0.75
13817928,25,5.15,-4.11,0.78
13879000,25,5.15,-4.11,0.70
13940076,25,5.15,-4.11,0.86
14001132,25,5.15,-4.11,0.89
14062204,25,5.15,-4.11,0.89
14123280,25,5.15,-4.11,1.03
14184336,25,5.15,-4.11,1.17
14245412,25,5.67,-4.11,1.15
14306480,25,5.67,-4.11,1.21
14367544,25,5.67,-4.11,1.17
14428632,25,5.67,-4.11,1.21
14489700,25,5.67,-4.11,1.31
14550768,25,5.67,-4.11,1.26
14611840,25,5.67,-4.11,1.31
14672912,25,5.67,-4.11,1.46
14733976,25,5.67,-4.11,1.48
14795056,25,5.67,-4.11,1.53
14856124,25,5.67,-4.11,1.39
14917200,25,5.67,-4.11,1.53
14978276,25,5.67,-4.11,1.51
15039348,25,5.67,-4.11,1.65
15100428,25,5.67,-4.11,1.61
15161504,25,5.67,-4.11,1.86
15222572,25,5.67,-4.11,1.70
15283652,25,5.67,-4.11,1.81
15344724,25,5.67,-4.11,1.80
15405784,25,5.67,-4.11,1.80
15466876,25,5.67,-4.11,1.92
15527948,25,5.67,-4.11,2.05
15589020,25,5.67,-4.11,2.04
15650100,25,5.67,-4.11,1.90
15711168,25,5.67,-4.11,2.17
15772248,25,5.67,-4.11,2.03
15833324,25,5.67,-4.11,2.11
15894388,25,5.67,-4.11,2.12
15955472,25,5.67,-4.11,2.19
16016548,25,5.67,-4.11,2.18
16077608,25,5.67,-4.11,2.19
16138688,25,5.67,-4.11,2.28
16199760,25,5.67,-4.11,2.46
16260828,25,5.67,-4.11,2.51
16321908,25,5.67,-4.11,2.43
16382972,25,5.67,-4.11,2.34
16444048,25,5.67,-4.11,2.50
16505128,25,5.67,-4.11,2.68
16566188,25,5.67,-4.11,2.53
16627264,25,5.67,-4.11,2.48
16688340,25,5.67,-4.11,2.55
16749404,25,5.67,-4.11,2.72
16810472,25,5.67,-4.11,2.67
16871548,25,5.67,-4.11,2.76
16932612,25,5.67,-4.11,2.73
16993692,25,5.67,-4.11,2.71
17054760,25,5.67,-4.11,2.83
17115820,25,5.67,-4.11,2.84
17176904,25,5.67,-4.11,2.93
17237972,25,5.67,-4.11,2.81
17299040,25,6.20,-4.11,2.86
17360116,25,6.20,-4.11,2.88
17421184,25,6.20,-4.11,2.99
17482272,25,6.20,-4.11,2.89
17543344,25,6.20,-4.11,3.12
17604408,25,6.20,-4.11,3.08
17665500,25,6.20,-4.11,3.12
17726576,25,6.20,-4.11,3.22
17787644,25,6.20,-4.11,3.14
17848724,25,6.20,-4.11,3.34
17909800,25,6.20,-4.11,3.39
17970868,25,6.20,-4.11,3.32
18031952,25,6.20,-4.11,3.39
18093020,25,6.20,-4.11,3.29
18154092,25,6.20,-4.11,3.43
18215168,25,6.20,-4.11,3.55
18276236,25,6.20,-4.11,3.49
18337324,25,6.20,-4.11,3.33
18398404,25,6.20,-4.11,3.50
18459480,25,6.20,-4.11,3.57
18520572,25,6.20,-4.11,3.55
18581652,25,6.20,-4.11,3.63
18642724,25,6.20,-4.11,3.71
18703804,25,6.20,-4.11,3.80
18764876,25,6.20,-4.11,3.71
18825952,25,6.20,-4.11,3.77
18887044,25,6.20,-4.11,3.77
18948120,25,6.20,-4.11,3.95
19009192,25,6.20,-4.11,3.82
19070272,25,6.20,-4.11,3.99
19131344,25,6.20,-4.11,3.81
19192416,25,6.20,-4.11,4.19
19253500,25,6.20,-4.11,3.99
19314576,25,6.20,-4.11,4.19
19375648,25,6.20,-4.11,4.24
19436724,25,6.20,-4.11,4.23
19497792,25,6.20,-4.11,4.12
19558880,25,6.20,-4.11,4.04
19619956,25,6.20,-4.11,4.21
19681024,25,6.74,-4.11,4.28
19742120,25,6.74,-4.11,4.41
19803188,25,6.74,-4.11,4.33
19864264,25,6.74,-4.11,4.36
19925352,25,6.74,-4.11,4.38
19986420,25,6.74,-4.11,4.41
20047484,25,6.74,-4.11,4.39
20108572,25,6.74,-4.11,4.57
20169636,25,6.74,-4.11,4.55
20230712,25,6.74,-4.11,4.62
20291764,25,6.74,-4.11,4.63
20352820,25,6.74,-4.11,4.77
20413888,25,6.74,-4.11,4.69
20474944,25,6.74,-4.11,4.52
20535988,25,6.74,-4.11,4.83
20597052,25,6.74,-4.11,4.71
20658100,25,6.74,-4.11,4.78
20719168,25,6.74,-4.11,4.79
20780224,25,6.74,-4.11,4.87
20841276,25,6.74,-4.11,4.89
20902352,25,6.74,-4.11,4.82
20963416,25,6.74,-4.11,5.18
21024480,25,6.74,-4.11,5.12
21085556,25,6.74,-4.11,5.02
21146616,25,6.74,-4.11,5.06
21207692,25,6.74,-4.11,5.19
21268764,25,6.74,-4.11,5.11
21329824,25,6.74,-4.11,5.12
21390896,25,6.74,-4.11,5.29
21451976,25,6.74,-4.11,5.25
21513040,25,6.74,-4.11,5.36
21574120,25,6.74,-4.11,5.38
21635192,25,6.74,-4.11,5.47
21696252,25,6.74,-4.11,5.32
21757328,25,6.74,-4.11,5.40
21818396,25,6.74,-4.11,5.45
21879468,25,6.74,-4.11,5.53
21940544,25,6.74,-4.11,5.56
22001604,25,6.74,-4.11,5.64
22062672,25,6.74,-4.11,5.67
22123740,25,6.74,-4.11,5.54
22184788,25,7.24,-4.11,5.69
22245848,25,7.24,-4.11,5.70
22306912,25,7.24,-4.11,5.85
22367964,25,7.24,-4.11,5.90
22429048,25,7.24,-4.11,5.79
22490108,25,7.24,-4.11,5.94
22551180,25,7.24,-4.11,5.97
22612256,25,7.24,-4.11,5.83
22673320,25,7.24,-4.11,5.98
22734400,25,7.24,-4.11,5.82
22795468,25,7.24,-4.11,6.02
22856532,25,7.24,-4.11,6.16
22917612,25,7.24,-4.11,6.00
22978692,25,7.24,-4.11,6.16
23039756,25,7.24,-4.11,6.17
23100832,25,7.24,-4.11,6.27
23161912,25,7.24,-4.11,6.20
23222968,25,7.24,-4.11,6.31
23284032,25,7.24,-4.11,6.30
23345080,25,7.24,-4.11,6.31
23406144,25,7.24,-4.11,6.27
23467208,25,7.24,-4.11,6.45
23528264,25,7.24,-4.11,6.41
23589328,25,7.24,-4.11,6.55
23650388,25,7.24,-4.11,6.42
23711436,25,7.24,-4.11,6.54
23772500,25,7.78,-4.11,6.51
23833556,25,7.78,-4.11,6.63
23894620,25,7.78,-4.11,6.69
23955684,25,7.78,-4.11,6.62
24016728,25,7.78,-4.11,6.60
24077792,25,7.78,-4.11,6.78
24138848,25,7.78,-4.11,6.76
24199892,25,7.78,-4.11,6.72
24260948,25,7.78,-4.11,6.98
24321984,25,7.78,-4.11,6.82
24383024,25,7.78,-4.11,7.04
24444068,25,7.78,-4.11,6.95
24505108,25,7.78,-4.11,6.84
24566168,25,7.78,-3.54,6.77
24627224,25,7.78,-3.54,7.08
24688264,25,7.78,-3.54,6.88
24749332,25,7.78,-3.54,7.01
24810384,25,7.78,-3.54,7.16
24871468,25,7.78,-3.54,7.17
24932540,25,7.78,-3.54,6.99
24993600,25,7.78,-3.54,7.12
25054668,25,7.78,-3.54,7.23
25115736,25,7.78,-3.54,7.15
25176800,25,7.78,-3.54,7.17
25237876,25,7.78,-3.54,7.26
25298932,25,7.78,-3.54,7.37
25360000,25,7.78,-3.54,7.26
25421076,25,7.78,-3.54,7.39
25482148,25,7.78,-3.54,7.39
25543224,25,7.78,-3.54,7.42
25604284,25,7.78,-3.54,7.43
25665348,25,7.78,-3.54,7.53
25726424,25,7.78,-3.54,7.54
25787488,25,7.78,-3.54,7.54
25848556,25,7.78,-3.54,7.54
25909632,25,7.78,-3.54,7.49
25970708,25,7.78,-3.54,7.64
26031764,25,7.78,-3.54,7.59
26092836,25,7.78,-3.54,7.60
26153900,25,7.78,-3.54,7.57
26214972,25,7.78,-3.54,7.70
26276044,25,7.78,-3.54,7.69
26337112,25,7.78,-3.54,7.85
26398172,25,8.30,-3.54,7.82
26459228,25,8.30,-3.54,7.85
26520268,25,8.30,-3.54,7.84
26581328,25,8.30,-3.54,7.97
26642380,25,8.30,-3.54,7.87
26703440,25,8.30,-3.54,7.87
26764492,25,8.30,-3.54,8.04
26825536,25,8.30,-3.54,7.89
26886600,25,8.30,-3.54,7.98
26947656,25,8.30,-3.54,8.08
27008696,25,8.30,-3.54,8.09
27069756,25,8.30,-3.54,8.18
27130808,25,8.30,-3.54,8.10
27191876,25,8.30,-3.54,8.15
27252932,25,8.30,-3.54,8.20
27313976,25,8.30,-3.54,8.17
27375052,25,8.30,-3.54,8.38
27436124,25,8.30,-3.54,8.32
27497180,25,8.30,-3.54,8.31
27558244,25,8.30,-3.54,8.29
27619300,25,8.30,-3.54,8.26
27680372,25,8.30,-3.54,8.42
27741448,25,8.30,-3.54,8.44
27802508,25,8.30,-3.54,8.39
27863584,25,8.30,-3.54,8.54
27924656,25,8.30,-3.54,8.58
27985712,25,8.30,-3.54,8.43
28046784,25,8.30,-3.54,8.56
28107868,25,8.30,-3.54,8.69
28168932,25,8.30,-3.54,8.64
28230000,25,8.30,-3.54,8.62
28291060,25,8.30,-3.54,8.61
28352132,25,8.30,-3.54,8.62
28413200,25,8.30,-3.54,8.77
28474248,25,8.82,-3.54,8.71
28535304,25,8.82,-3.54,8.67
28596368,25,8.82,-3.54,8.90
28657420,25,8.82,-3.54,8.75
28718476,25,8.82,-3.54,8.86
28779536,25,8.82,-3.54,8.99
28840584,25,8.82,-3.54,8.79
28901636,25,8.82,-3.54,8.77
28962692,25,8.82,-3.54,8.77
29023760,25,8.82,-3.54,9.01
29084824,25,8.82,-3.54,9.04
29145888,25,8.82,-3.54,8.97
29206972,25,8.82,-3.54,8.91
29268036,25,8.82,-3.54,8.84
29329096,25,8.82,-3.54,9.00
29390168,25,8.82,-3.54,9.23
29451216,25,8.82,-3.54,9.14
29512280,25,8.82,-3.54,8.99
29573340,25,8.82,-3.54,9.06
29634384,25,8.82,-3.54,9.22
29695444,25,8.82,-3.54,9.20
29756504,25,8.82,-3.54,9.15
29817544,25,8.82,-3.54,9.14
29878608,25,8.82,-3.54,9.19
29939664,25,8.82,-3.54,9.20
30000724,25,8.82,-3.54,9.20
30061792,25,8.82,-3.54,9.22
30122848,25,8.82,-3.54,9.14
30183932,25,8.82,-3.54,9.20
30244992,25,8.82,-3.54,9.35
30306052,25,8.82,-3.54,9.16
30367132,25,8.82,-3.54,9.10
30428192,25,8.82,-3.54,9.31
30489252,25,8.82,-3.54,9.22
30550332,25,8.82,-3.54,9.16
30611392,25,8.82,-3.54,9.16
30672472,25,8.82,-3.54,9.23
30733544,25,8.82,-3.54,9.19
30794604,25,8.82,-3.54,9.18
30855684,25,8.82,-3.54,9.21
30916748,25,8.82,-3.54,9.27
30977816,25,9.40,-3.54,9.22
31038880,25,9.40,-3.54,9.26
31099952,25,9.40,-3.54,9.17
31161008,25,9.40,-3.54,9.45
31222088,25,9.40,-3.54,9.27
31283148,25,9.40,-3.54,9.38
31344220,25,9.40,-3.54,9.52
31405292,25,9.40,-3.54,9.41
31466352,25,9.40,-3.54,9.49
31527436,25,9.40,-3.54,9.50
31588504,25,9.40,-3.54,9.33
31649568,25,9.40,-3.54,9.41
31710640,25,9.40,-3.54,9.46
31771696,25,9.40,-3.54,9.28
31832740,25,9.40,-3.54,9.45
31893800,25,9.40,-3.54,9.41
31954844,25,9.40,-3.54,9.27
32015908,25,9.40,-3.54,9.45
32076968,25,9.40,-3.54,9.49
32138028,25,9.40,-3.54,9.27
32199108,25,9.40,-3.54,9.49
32260176,25,9.40,-3.54,9.25
32321232,25,9.40,-3.54,9.40
32382308,25,9.40,-3.54,9.31
32443364,25,9.40,-3.54,9.18
32504420,25,9.40,-3.54,9.37
32565488,25,9.40,-3.54,9.21
32626548,25,9.40,-3.54,9.26
32687628,25,9.40,-3.54,9.15
32748692,25,9.40,-3.54,9.42
32809764,25,9.40,-3.54,9.19
32870832,25,9.40,-3.54,9.27
32931908,25,9.40,-3.54,9.22
32992976,25,9.40,-3.54,9.36
33054044,25,9.40,-3.54,9.44
33115100,25,9.40,-3.54,9.35
33176160,25,9.40,-3.54,9.33
33237236,25,9.40,-3.54,9.44
33298308,25,9.40,-3.54,9.44
33359388,25,9.40,-3.54,9.38
33420468,25,9.40,-3.54,9.31
33481536,25,9.40,-3.54,9.53
33542616,25,9.40,-3.54,9.24
33603696,25,9.40,-3.54,9.41
33664768,25,9.40,-3.54,9.31
33725848,25,9.40,-3.54,9.26
33786924,25,9.40,-3.54,9.31
33847992,25,9.40,-3.54,9.48
33909076,25,9.40,-3.54,9.36
33970148,25,9.40,-3.54,9.40
34031232,25,9.40,-3.54,9.50
34092316,25,9.40,-3.54,9.41
34153392,25,9.40,-3.54,9.46
34214480,25,9.40,-3.54,9.51
34275548,25,9.40,-3.54,9.52
34336616,25,9.40,-3.54,9.48
34397704,25,9.40,-3.54,9.58
34458788,25,9.40,-3.54,9.51
34519852,25,9.40,-3.54,9.66
34580936,25,9.40,-3.54,9.47
34642012,25,9.40,-3.54,9.45
34703084,25,9.40,-3.54,9.59
34764168,25,9.40,-3.54,9.56
34825240,25,9.40,-3.54,9.60
34886304,25,9.40,-3.54,9.64
34947384,25,9.40,-3.54,9.57
35008456,25,9.40,-3.54,9.55
35069532,25,9.40,-3.54,9.64
35130620,25,9.40,-3.54,9.76
35191684,25,9.40,-3.54,9.56
35252760,25,9.40,-3.54,9.67
35313824,25,9.40,-3.54,9.68
35374896,25,9.40,-3.54,9.49
35435972,25,9.40,-3.54,9.73
35497044,25,9.40,-3.54,9.79
35558116,25,9.40,-3.54,9.75
35619188,25,9.40,-3.54,9.53
35680264,25,9.40,-3.54,9.60
35741320,25,9.40,-3.54,9.67
35802388,25,9.40,-3.54,9.80
35863448,25,9.40,-3.54,9.63
35924516,25,9.40,-3.54,9.55
35985584,25,9.40,-3.54,9.86
36046652,25,9.40,-3.54,9.84
36107720,25,9.40,-3.54,9.73
36168796,25,9.40,-3.54,9.91
36229856,25,9.40,-3.54,9.77
36290928,25,9.40,-3.54,9.83
36351984,25,9.40,-3.54,9.71
36413036,25,9.40,-3.54,10.02
36474092,25,9.91,-3.54,9.91
36535148,25,9.91,-3.54,9.94
36596228,25,9.91,-3.54,10.05
36657300,25,9.91,-3.54,10.01
36718360,25,9.91,-3.54,9.88
36779436,25,9.91,-3.54,10.18
36840508,25,9.91,-3.54,9.98
36901572,25,9.91,-3.54,10.07
36962648,25,9.91,-3.54,10.07
37023716,25,9.91,-3.54,10.14
37084780,25,9.91,-3.54,10.09
37145856,25,9.91,-3.54,10.17
37206920,25,9.91,-3.54,10.19
37268000,25,9.91,-3.54,10.19
37329064,25,9.91,-3.54,10.27
37390128,25,9.91,-3.54,10.18
37451204,25,9.91,-3.54,10.34
37512276,25,9.91,-3.54,10.45
37573332,25,9.91,-3.54,10.29
37634420,25,9.91,-3.54,10.19
37695480,25,9.91,-3.54,10.31
37756548,25,9.91,-3.54,10.19
37817632,25,9.91,-3.54,10.34
37878692,25,9.91,-3.54,10.42
37939748,25,9.91,-3.54,10.32
38000812,25,9.91,-3.54,10.41
38061876,25,9.91,-3.54,10.62
38122952,25,9.91,-3.54,10.57
38184020,25,9.91,-3.54,10.43
38245088,25,9.91,-3.54,10.47
38306168,25,9.91,-3.54,10.38
38367212,25,9.91,-3.54,10.54
38428272,25,9.91,-3.54,10.60
38489336,25,9.91,-3.54,10.63
38550384,25,9.91,-3.54,10.61
38611444,25,9.91,-3.54,10.70
38672504,25,9.91,-3.54,10.56
38733552,25,9.91,-3.54,10.59
38794616,25,9.91,-3.54,10.69
38855668,25,9.91,-3.54,10.79
38916724,25,9.91,-3.54,10.82
38977796,25,9.91,-3.54,10.94
39038856,25,9.91,-3.54,10.73
39099924,25,9.91,-3.54,10.78
39160996,25,9.91,-3.54,10.75
39222052,25,9.91,-3.54,10.98
39283132,25,9.91,-3.54,10.69
39344204,25,9.91,-3.54,10.89
39405268,25,9.91,-3.54,10.87
39466344,25,10.41,-3.54,10.83
39527412,25,10.41,-3.54,11.00
39588484,25,10.41,-3.54,11.12
39649560,25,10.41,-3.54,11.03
39710628,25,10.41,-3.54,11.12
39771700,25,10.41,-3.54,11.01
39832768,25,10.41,-3.54,11.09
39893840,25,10.41,-3.54,11.19
39954916,25,10.41,-3.54,11.04
40015996,25,10.41,-3.54,11.19
40077060,25,10.41,-3.54,11.18
40138140,25,10.41,-3.54,11.26
40199208,25,10.41,-3.54,11.22
40260268,25,10.41,-3.54,11.35
40321348,25,10.41,-3.54,11.26
40382412,25,10.41,-3.54,11.29
40443484,25,10.41,-3.54,11.41
40504556,25,10.41,-3.54,11.37
40565624,25,10.41,-3.54,11.56
40626704,25,10.41,-3.54,11.47
40687776,25,10.41,-3.54,11.56
40748836,25,10.41,-3.54,11.61
40809912,25,10.41,-3.54,11.62
40870980,25,10.41,-3.54,11.52
40932052,25,10.41,-3.54,11.61
40993120,25,10.41,-3.54,11.66
41054172,25,10.41,-3.54,11.63
41115228,25,10.41,-3.54,11.74
41176296,25,10.41,-3.54,11.72
41237348,25,10.41,-3.54,11.69
41298432,25,10.41,-3.54,11.77
41359500,25,10.41,-3.54,11.61
41420556,25,10.41,-3.54,11.67
41481636,25,10.41,-3.54,11.75
41542708,25,10.99,-3.54,11.82
41603776,25,10.99,-3.54,11.75
41664852,25,10.99,-3.54,11.91
41725920,25,10.99,-3.54,12.02
41786988,25,10.99,-3.54,12.01
41848064,25,10.99,-3.54,11.88
41909136,25,10.99,-3.54,12.02
41970204,25,10.99,-3.54,12.05
42031280,25,10.99,-3.54,11.93
42092348,25,10.99,-3.54,12.02
42153420,25,10.99,-3.54,11.98
42214500,25,10.99,-3.54,11.99
42275564,25,10.99,-3.54,12.14
42336636,25,10.99,-3.54,12.02
42397704,25,10.99,-3.54,12.30
42458776,25,10.99,-3.54,12.03
42519852,25,10.99,-3.54,12.09
42580920,25,10.99,-3.54,12.21
42641988,25,10.99,-3.54,12.33
42703068,25,10.99,-3.54,12.31
42764128,25,10.99,-3.54,12.23
42825212,25,10.99,-3.54,12.41
42886276,25,10.99,-3.54,12.27
42947340,25,10.99,-3.54,12.25
43008404,25,10.99,-3.54,12.32
43069476,25,10.99,-3.54,12.37
43130548,25,10.99,-3.54,12.25
43191620,25,10.99,-3.54,12.30
43252692,25,10.99,-3.54,12.29
43313772,25,10.99,-3.54,12.28
43374852,25,10.99,-3.54,12.35
43435912,25,10.99,-3.54,12.26
43496996,25,10.99,-3.54,12.41
43558068,25,10.99,-3.54,12.38
43619148,25,10.99,-3.54,12.47
43680244,25,10.99,-3.54,12.46
43741320,25,10.99,-3.54,12.52
43802388,25,10.99,-3.54,12.43
43863472,25,10.99,-3.54,12.47
43924544,25,10.99,-3.54,12.51
43985612,25,10.99,-3.54,12.58
44046692,25,10.99,-3.54,12.56
44107752,25,10.99,-3.54,12.59
44168828,25,10.99,-3.54,12.60
44229900,25,10.99,-3.54,12.45
44290972,25,10.99,-3.54,12.49
44352052,25,11.50,-3.54,12.63
44413120,25,11.50,-3.54,12.75
44474184,25,11.50,-3.54,12.77
44535268,25,11.50,-3.54,12.88
44596340,25,11.50,-3.54,12.75
44657400,25,11.50,-3.54,12.88
44718480,25,11.50,-3.54,12.63
44779540,25,11.50,-3.54,12.94
44840604,25,11.50,-3.54,12.96
44901688,25,11.50,-3.54,12.83
44962748,25,11.50,-3.54,12.86
45023832,25,11.50,-3.54,12.68
45084896,25,11.50,-3.54,12.72
45145948,25,11.50,-3.54,12.65
45207012,25,11.50,-3.54,12.98
45268072,25,11.50,-3.54,12.95
45329132,25,11.50,-3.54,12.99
45390200,25,11.50,-3.54,12.92
45451248,25,11.50,-3.54,12.91
45512304,25,11.50,-3.54,12.97
45573372,25,11.50,-3.54,13.01
45634412,25,11.50,-3.54,13.17
45695476,25,11.50,-3.54,13.04
45756536,25,11.50,-3.54,12.90
45817580,25,11.50,-3.54,13.03
45878644,25,11.50,-3.54,13.10
45939720,25,11.50,-3.54,13.05
46000776,25,11.50,-3.54,13.16
46061848,25,11.50,-3.54,13.08
46122912,25,11.50,-3.54,13.15
46183980,25,11.50,-3.54,13.16
46245044,25,11.50,-3.54,13.06
46306108,25,11.50,-3.54,13.12
46367180,25,11.50,-3.54,13.19
46428244,25,11.50,-3.54,13.37
46489292,25,11.50,-3.54,13.17
46550348,25,11.50,-3.54,13.35
46611408,25,11.50,-3.54,13.28
46672480,25,11.50,-3.54,13.26
46733540,25,11.50,-3.54,13.29
46794600,25,11.50,-3.54,13.42
46855668,25,12.00,-3.54,13.40
46916740,25,12.00,-3.54,13.42
46977772,25,12.00,-3.54,13.30
47038860,25,12.00,-3.54,13.29
47099920,25,12.00,-3.54,13.50
47160976,25,12.00,-3.54,13.47
47222056,25,12.00,-3.54,13.55
47283120,25,12.00,-3.54,13.48
47344200,25,12.00,-3.54,13.41
47405260,25,12.00,-3.54,13.65
47466312,25,12.00,-3.54,13.62
47527356,25,12.00,-3.54,13.54
47588404,25,12.00,-3.54,13.59
47649440,25,12.00,-3.54,13.68
47710492,25,12.00,-3.54,13.75
47771548,25,12.00,-3.54,13.57
47832608,25,12.00,-3.54,13.84
47893664,25,12.00,-3.54,13.59
47954732,25,12.00,-3.54,13.65
48015804,25,12.00,-3.54,13.83
48076880,25,12.50,-3.54,13.78
48137932,25,12.50,-3.54,13.74
48199004,25,12.50,-3.54,13.79
48260068,25,12.50,-3.54,13.87
48321136,25,12.50,-3.54,13.84
48382212,25,12.50,-3.54,13.92
48443272,25,12.50,-3.54,13.92
48504352,25,12.50,-3.54,13.91
48565428,25,12.50,-3.54,13.94
48626500,25,12.50,-3.54,13.86
48687576,25,12.50,-3.54,13.94
48748644,25,12.50,-3.54,14.06
48809708,25,12.50,-3.54,13.90
48870784,25,12.50,-3.54,14.02
48931852,25,12.50,-3.54,14.05
48992916,25,12.50,-3.54,14.07
49053996,25,12.50,-3.54,14.13
49115052,25,12.50,-3.54,14.37
49176128,25,12.50,-3.54,14.28
49237196,25,12.50,-3.54,14.15
49298264,25,12.50,-3.54,14.27
49359344,25,12.50,-3.54,14.19
49420424,25,12.50,-3.54,14.30
49481484,25,12.50,-3.54,14.19
49542572,25,12.50,-3.54,14.09
49603644,25,12.50,-3.54,14.24
49664708,25,12.50,-3.54,14.31
49725780,25,12.50,-3.54,14.27
49786852,25,12.50,-3.54,14.31
49847920,25,12.50,-3.54,14.41
49909004,25,12.50,-3.54,14.32
49970068,25,12.50,-3.54,14.32
50031144,25,12.50,-3.54,14.46
50092212,25,12.50,-3.54,14.52
50153280,25,12.50,-3.54,14.50
50214356,25,12.50,-3.54,14.43
50275424,25,12.50,-3.54,14.58
50336496,25,12.50,-3.54,14.47
50397572,25,12.50,-3.54,14.63
50458632,25,13.02,-3.54,14.46
50519696,25,13.02,-3.54,14.56
50580776,25,13.02,-3.54,14.69
50641836,25,13.02,-3.54,14.62
50702904,25,13.02,-3.54,14.45
50763980,25,13.02,-3.54,14.54
50825048,25,13.02,-3.54,14.41
50886128,25,13.02,-3.54,14.54
50947200,25,13.02,-3.54,14.57
51008272,25,13.02,-3.54,14.42
51069340,25,13.02,-3.54,14.39
51130412,25,13.02,-3.54,14.53
51191484,25,13.02,-3.54,14.33
51252552,25,13.02,-3.54,14.40
51313620,25,13.02,-3.54,14.33
51374688,25,13.02,-3.54,14.28
51435760,25,13.02,-3.54,14.41
51496824,25,13.02,-3.54,14.28
51557904,25,13.02,-3.54,14.40
51618984,25,13.02,-3.54,14.48
51680048,25,13.02,-3.54,14.44
51741116,25,13.02,-3.54,14.41
51802184,25,13.02,-3.54,14.46
51863244,25,13.02,-3.54,14.44
51924316,25,13.02,-3.54,14.53
51985380,25,13.02,-3.54,14.54
52046452,25,13.02,-3.54,14.51
52107528,25,13.02,-3.54,14.63
52168588,25,13.02,-3.54,14.54
52229664,25,13.02,-3.54,14.51
52290736,25,13.02,-3.54,14.59
52351800,25,13.02,-3.54,14.53
52412876,25,13.02,-3.54,14.59
52473956,25,13.02,-3.54,14.46
52535016,25,13.02,-3.54,14.46
52596088,25,13.02,-3.54,14.69
52657160,25,13.02,-3.54,14.62
52718228,25,13.02,-3.54,14.43
52779300,25,13.02,-3.54,14.55
52840372,25,13.02,-3.54,14.59
52901448,25,13.02,-3.54,14.65
52962512,25,13.02,-3.54,14.69
53023580,25,13.02,-3.54,14.70
53084652,25,13.02,-3.54,14.51
53145696,25,13.02,-3.54,14.61
53206748,25,13.02,-3.54,14.63
53267812,25,13.02,-3.54,14.66
53328876,25,13.02,-3.54,14.62
53389944,25,13.02,-3.54,14.58
53451020,25,13.02,-3.54,14.60
53512080,25,13.02,-3.54,14.67
53573148,25,13.02,-3.54,14.67
53634224,25,13.02,-3.54,14.69
53695284,25,13.02,-3.54,14.55
53756356,25,13.02,-3.54,14.49
53817432,25,13.02,-3.54,14.75
53878496,25,13.02,-3.54,14.75
53939568,25,13.53,-3.54,14.72
54000644,25,13.53,-3.54,14.65
54061708,25,13.53,-3.54,14.87
54122784,25,13.53,-3.54,14.70
54183848,25,13.53,-3.54,14.75
54244924,25,13.53,-3.54,14.50
54305992,25,13.53,-3.54,14.72
54367056,25,13.53,-3.54,14.68
54428132,25,13.53,-3.54,14.68
54489204,25,13.53,-3.54,14.69
54550280,25,13.53,-3.54,14.76
54611356,25,13.53,-3.54,14.62
54672428,25,13.53,-3.54,14.96
54733492,25,13.53,-3.54,14.70
54794564,25,13.53,-3.54,14.95
54855640,25,13.53,-3.54,14.88
54916712,25,13.53,-3.54,14.77
54977788,25,13.53,-3.54,14.92
55038852,25,13.53,-3.54,14.87
55099932,25,13.53,-3.54,14.87
55161004,25,13.53,-3.54,14.91
55222060,25,13.53,-3.54,15.02
55283140,25,13.53,-3.54,14.87
55344220,25,13.53,-3.54,14.86
55405288,25,13.53,-3.54,14.92
55466368,25,13.53,-3.54,14.99
55527436,25,13.53,-3.54,14.87
55588488,25,13.53,-3.54,14.86
55649548,25,13.53,-3.54,14.82
55710600,25,13.53,-3.54,15.10
55771668,25,13.53,-3.54,15.00
55832716,25,13.53,-3.54,15.07
55893772,25,13.53,-3.54,15.04
55954836,25,13.53,-3.54,15.03
56015896,25,13.53,-3.54,15.09
56076952,25,13.53,-3.54,15.05
56138020,25,13.53,-3.54,15.24
56199076,25,13.53,-3.54,15.16
56260144,25,13.53,-3.54,15.16
56321208,25,13.53,-3.54,15.01
56382276,25,13.53,-3.54,15.12
56443356,25,13.53,-3.54,15.06
56504428,25,13.53,-3.54,15.17
56565504,25,13.53,-3.54,15.22
56626576,25,13.53,-3.54,15.32
56687644,25,13.53,-3.54,15.33
56748716,25,13.53,-3.54,15.35
56809796,25,13.53,-3.54,15.23
56870856,25,13.53,-3.54,15.30
56931936,25,13.53,-3.54,15.37
56992992,25,13.53,-3.54,15.33
57054032,25,13.53,-3.54,15.36
57115100,25,13.53,-3.54,15.30
57176152,25,13.53,-3.54,15.36
57237200,25,13.53,-3.54,15.37
57298276,25,13.53,-3.54,15.22
57359332,25,13.53,-3.54,15.54
57420396,25,13.53,-3.54,15.34
57481460,25,13.53,-3.54,15.24
57542508,25,13.53,-3.54,15.32
57603568,25,13.53,-3.54,15.36
57664624,25,13.53,-3.54,15.30
57725680,25,13.53,-3.54,15.52
57786736,25,13.53,-3.54,15.35
57847788,25,14.05,-3.54,15.53
57908852,25,14.05,-3.54,15.34
57969916,25,14.05,-3.54,15.58
58030976,25,14.05,-3.54,15.50
58092044,25,14.05,-3.54,15.51
58153112,25,14.05,-3.54,15.54
58214176,25,14.05,-3.54,15.40
58275256,25,14.05,-3.54,15.67
58336332,25,14.05,-3.54,15.68
58397400,25,14.05,-3.54,15.63
58458476,25,14.05,-3.54,15.49
58519536,25,14.05,-3.54,15.53
58580600,25,14.05,-3.54,15.81
58641680,25,14.05,-3.54,15.64
58702740,25,14.05,-3.54,15.69
58763828,25,14.05,-3.54,15.78
58824896,25,14.05,-3.54,15.73
58885952,25,14.05,-3.54,15.75
58947032,25,14.05,-3.54,15.72
59008096,25,14.05,-3.54,15.88
59069156,25,14.05,-3.54,15.76
59130232,25,14.05,-3.54,15.70
59191304,25,14.05,-3.54,15.77
59252356,25,14.05,-3.54,15.69
59313432,25,14.05,-3.54,15.74
59374496,25,14.05,-3.54,15.93
59435572,25,14.05,-3.54,15.97
59496640,25,14.05,-3.54,15.99
59557704,25,14.05,-3.54,15.94
59618788,25,14.05,-3.54,15.83
59679852,25,14.05,-3.54,15.86
59740900,25,14.05,-3.54,15.91
59801960,25,14.05,-3.54,15.97
59863000,25,14.05,-3.54,16.06
59924052,25,14.05,-3.54,16.09
59985108,25,14.05,-3.54,16.07
60046152,25,14.05,-3.54,16.05
60107212,25,14.05,-3.54,16.07
60168272,25,14.05,-3.54,16.18
60229316,25,14.61,-3.54,16.03
60290372,25,14.61,-3.54,16.19
60351428,25,14.61,-3.54,16.22
60412480,25,14.61,-3.54,16.26
60473544,25,14.61,-3.54,16.22
60534584,25,14.61,-3.54,16.12
60595644,25,14.61,-3.54,16.41
60656716,25,14.61,-3.54,16.17
60717788,25,14.61,-3.54,16.30
60778860,25,14.61,-3.54,16.20
60839924,25,14.61,-3.54,16.27
60900984,25,14.61,-3.54,16.16
60962040,25,14.61,-3.54,16.28
61023084,25,14.61,-3.54,16.36
61084144,25,14.61,-3.54,16.28
61145204,25,14.61,-3.54,16.34
61206264,25,14.61,-3.54,16.44
61267336,25,14.61,-3.54,16.33
61328396,25,14.61,-3.54,16.38
61389460,25,14.61,-3.54,16.42
61450528,25,14.61,-3.54,16.45
61511588,25,14.61,-3.54,16.36
61572660,25,14.61,-3.54,16.46
61633736,25,14.61,-3.54,16.39
61694800,25,14.61,-3.54,16.49
61755876,25,14.61,-3.54,16.46
61816940,25,14.61,-3.54,16.63
61878000,25,14.61,-3.54,16.61
61939072,25,14.61,-3.54,16.63
62000136,25,14.61,-3.54,16.49
62061204,25,14.61,-3.54,16.64
62122272,25,14.61,-3.54,16.67
62183332,25,14.61,-3.54,16.69
62244404,25,14.61,-3.54,16.61
62305464,25,14.61,-3.54,16.61
62366528,25,14.61,-3.54,16.51
62427596,25,14.61,-3.54,16.54
62488660,25,14.61,-3.54,16.69
62549728,25,14.61,-3.54,16.53
62610796,25,14.61,-3.54,16.67
62671868,25,14.61,-3.54,16.51
62732924,25,15.15,-3.54,16.64
62793988,25,15.15,-3.54,16.79
62855044,25,15.15,-3.54,16.62
62916108,25,15.15,-3.54,16.67
62977176,25,15.15,-3.54,16.70
63038224,25,15.15,-3.54,16.73
63099284,25,15.15,-3.54,16.70
63160332,25,15.15,-3.54,16.67
63221384,25,15.15,-3.54,16.78
63282432,25,15.15,-3.54,16.84
63343464,25,15.15,-3.54,16.70
63404508,25,15.15,-3.54,16.76
63465548,25,15.15,-3.54,16.77
63526592,25,15.15,-3.54,16.87
63587652,25,15.15,-3.54,16.84
63648704,25,15.15,-3.54,16.80
63709776,25,15.15,-3.54,16.85
63770836,25,15.15,-3.54,16.97
63831900,25,15.15,-3.54,16.92
63892968,25,15.15,-3.54,17.04
63954032,25,15.15,-3.54,16.98
64015096,25,15.15,-3.54,16.88
64076164,25,15.15,-3.54,16.89
64137236,25,15.15,-3.54,16.97
64198296,25,15.15,-3.54,16.85
64259380,25,15.15,-3.54,17.04
64320444,25,15.15,-3.54,16.93
64381520,25,15.15,-3.54,17.04
64442584,25,15.15,-3.54,16.98
64503660,25,15.15,-3.54,17.01
64564724,25,15.15,-3.54,17.06
64625788,25,15.15,-3.54,16.97
64686844,25,15.15,-3.54,16.85
64747912,25,15.67,-3.54,17.05
64808976,25,15.67,-3.54,17.07
64870040,25,15.67,-3.54,16.95
64931104,25,15.67,-3.54,17.06
64992148,25,15.67,-3.54,17.12
65053224,25,15.67,-3.54,17.14
65114296,25,15.67,-3.54,17.11
65175352,25,15.67,-3.54,17.19
65236428,25,15.67,-3.54,17.10
65297492,25,15.67,-3.54,17.09
65358552,25,15.67,-3.54,17.23
65419628,25,15.67,-3.54,17.15
65480700,25,15.67,-3.54,17.12
65541764,25,15.67,-3.54,17.18
65602844,25,15.67,-3.54,17.11
65663908,25,15.67,-3.54,17.24
65724984,25,15.67,-3.54,17.29
65786052,25,15.67,-3.54,17.33
65847112,25,15.67,-3.54,17.24
65908188,25,15.67,-3.54,17.31
65969260,25,15.67,-3.54,17.29
66030336,25,15.67,-3.54,17.23
66091408,25,15.67,-3.54,17.15
66152464,25,15.67,-3.54,17.41
66213524,25,15.67,-3.54,17.43
66274584,25,15.67,-3.54,17.36
66335640,25,15.67,-3.54,17.41
66396700,25,15.67,-3.54,17.37
66457756,25,15.67,-3.54,17.43
66518800,25,15.67,-3.54,17.40
66579860,25,15.67,-3.54,17.46
66640920,25,15.67,-3.54,17.40
66701960,25,15.67,-3.54,17.54
66763028,25,16.18,-3.54,17.44
66824080,25,16.18,-3.54,17.46
66885160,25,16.18,-3.54,17.57
66946232,25,16.18,-3.54,17.54
67007292,25,16.18,-3.54,17.58
67068364,25,16.18,-3.54,17.57
67129428,25,16.18,-3.54,17.58
67190500,25,16.18,-3.54,17.61
67251564,25,16.18,-3.54,17.63
67312624,25,16.18,-3.54,17.56
67373700,25,16.18,-3.54,17.72
67434776,25,16.18,-3.54,17.66
67495840,25,16.18,-3.54,17.54
67556920,25,16.18,-3.54,17.58
67617988,25,16.18,-3.54,17.70
67679060,25,16.18,-3.54,17.53
67740132,25,16.18,-3.54,17.71
67801196,25,16.18,-3.54,17.57
67862264,25,16.18,-3.54,17.63
67923336,25,16.18,-3.54,17.80
67984420,25,16.18,-3.54,17.89
68045488,25,16.18,-3.54,17.85
68106560,25,16.18,-3.54,17.80
68167624,25,16.18,-3.54,17.80
68228704,25,16.18,-3.54,17.63
68289780,25,16.18,-3.54,17.80
68350840,25,16.18,-3.54,17.69
68411932,25,16.18,-3.54,17.66
68473000,25,16.18,-3.54,17.78
68534060,25,16.18,-3.54,17.81
68595132,25,16.18,-3.54,17.78
68656212,25,16.18,-3.54,17.85
68717276,25,16.18,-3.54,17.88
68778356,25,16.18,-3.54,17.83
68839416,25,16.18,-3.54,17.99
68900492,25,16.18,-3.54,17.87
68961556,25,16.18,-3.54,17.92
69022612,25,16.18,-3.54,18.01
69083672,25,16.18,-3.54,18.08
69144740,25,16.70,-3.54,18.08
69205788,25,16.70,-3.54,18.04
69266856,25,16.70,-3.54,17.95
69327920,25,16.70,-3.54,18.08
69388976,25,16.70,-3.54,18.08
69450044,25,16.70,-3.54,17.97
69511104,25,16.70,-3.54,18.15
69572160,25,16.70,-3.54,18.24
69633220,25,16.70,-3.54,18.26
69694272,25,16.70,-3.54,18.20
69755336,25,16.70,-3.54,18.22
69816396,25,16.70,-3.54,18.08
69877452,25,16.70,-3.54,18.15
69938516,25,16.70,-3.54,18.21
69999560,25,16.70,-3.54,18.15
70060628,25,16.70,-3.54,18.24
70121684,25,16.70,-3.54,18.15
70182736,25,16.70,-3.54,18.22
70243804,25,16.70,-3.54,18.32
70304864,25,16.70,-3.54,18.20
70365916,25,16.70,-3.54,18.45
70426984,25,16.70,-3.54,18.26
70488040,25,16.70,-3.54,18.45
70549096,25,16.70,-3.54,18.27
70610160,25,16.70,-3.54,18.44
70671216,25,17.24,-3.54,18.32
70732276,25,17.24,-3.54,18.46
70793340,25,17.24,-3.54,18.47
70854400,25,17.24,-3.54,18.55
70915484,25,17.24,-3.54,18.49
70976560,25,17.24,-3.54,18.47
71037620,25,17.24,-3.54,18.49
71098708,25,17.24,-3.54,18.61
71159768,25,17.24,-3.54,18.57
71220844,25,17.24,-3.54,18.68
71281916,25,17.24,-3.54,18.54
71342964,25,17.24,-3.54,18.52
71404032,25,17.24,-3.54,18.70
71465092,25,17.24,-3.54,18.75
71526148,25,17.24,-3.54,18.71
71587208,25,17.24,-3.54,18.81
71648272,25,17.24,-2.98,18.78
71709348,25,17.24,-2.98,18.68
71770420,25,17.24,-2.98,18.96
71831484,25,17.24,-2.98,18.72
71892552,25,17.24,-2.98,18.70
71953620,25,17.24,-2.98,18.85
72014688,25,17.24,-2.98,18.69
72075756,25,17.24,-2.98,18.74
72136824,25,17.24,-2.98,18.66
72197892,25,17.24,-2.98,18.71
72258964,25,17.24,-2.98,18.88
72320036,25,17.24,-2.98,18.82
72381096,25,17.24,-2.98,18.91
72442172,25,17.24,-2.98,18.91
72503236,25,17.24,-2.98,19.03
72564304,25,17.24,-2.98,18.94
72625380,25,17.24,-2.98,18.95
72686440,25,17.74,-2.98,19.00
72747524,25,17.74,-2.98,18.89
72808588,25,17.74,-2.98,18.84
72869644,25,17.74,-2.98,18.98
72930732,25,17.74,-2.98,18.98
72991808,25,17.74,-2.98,18.99
73052876,25,17.74,-2.98,18.98
73113944,25,17.74,-2.98,18.92
73175004,25,17.74,-2.98,19.16
73236076,25,17.74,-2.98,19.13
73297144,25,17.74,-2.98,19.12
73358204,25,17.74,-2.98,19.04
73419280,25,17.74,-2.98,19.08
73480348,25,17.74,-2.98,19.05
73541408,25,17.74,-2.98,19.12
73602480,25,17.74,-2.98,19.24
73663552,25,18.27,-2.98,19.12
73724616,25,18.27,-2.98,19.11
73785700,25,18.27,-2.98,19.19
73846768,25,18.27,-2.98,19.20
73907840,25,18.27,-2.98,19.27
73968912,25,18.27,-2.98,19.27
74029980,25,18.27,-2.98,19.14
74091056,25,18.27,-2.98,19.39
74152120,25,18.27,-2.98,19.54
74213156,25,18.27,-2.98,19.21
74274208,25,18.27,-2.98,19.35
74335260,25,18.27,-2.98,19.45
74396320,25,18.27,-2.98,19.38
74457400,25,18.27,-2.98,19.40
74518468,25,18.27,-2.98,19.40
74579544,25,18.27,-2.98,19.30
74640612,25,18.27,-2.98,19.27
74701676,25,18.27,-2.98,19.37
74762748,25,18.27,-2.98,19.32
74823820,25,18.27,-2.98,19.28
74884884,25,18.27,-2.98,19.39
74945964,25,18.27,-2.98,19.33
75007040,25,18.27,-2.98,19.22
75068100,25,18.27,-2.98,19.30
75129180,25,18.27,-2.98,19.46
75190244,25,18.27,-2.98,19.49
75251316,25,18.27,-2.98,19.58
75312388,25,18.27,-2.98,19.49
75373456,25,18.27,-2.98,19.49
75434524,25,18.27,-2.98,19.43
75495584,25,18.27,-2.98,19.43
75556632,25,18.27,-2.98,19.29
75617696,25,18.27,-2.98,19.34
75678744,25,18.27,-2.98,19.41
75739784,25,18.27,-2.98,19.47
75800860,25,18.27,-2.98,19.35
75861904,25,18.27,-2.98,19.42
75922968,25,18.27,-2.98,19.43
75984024,25,18.27,-2.98,19.33
76045072,25,18.27,-2.98,19.36
76106136,25,18.27,-2.98,19.40
76167192,25,18.27,-2.98,19.38
76228244,25,18.27,-2.98,19.50
76289296,25,18.27,-2.98,19.64
76350352,25,18.27,-2.98,19.40
76411412,25,18.27,-2.98,19.32
76472468,25,18.27,-2.98,19.41
76533516,25,18.27,-2.98,19.49
76594576,25,18.27,-2.98,19.34
76655628,25,18.27,-2.98,19.52
76716680,25,18.27,-2.98,19.49
76777732,25,18.27,-2.98,19.52
76838776,25,18.27,-2.98,19.61
76899844,25,18.78,-2.98,19.59
76960908,25,18.78,-2.98,19.46
77021960,25,18.78,-2.98,19.56
77083024,25,18.78,-2.98,19.54
77144056,25,18.78,-2.98,19.44
77205108,25,18.78,-2.98,19.53
77266148,25,18.78,-2.98,19.65
77327204,25,18.78,-2.98,19.58
77388260,25,18.78,-2.98,19.41
77449316,25,18.78,-2.98,19.41
77510384,25,18.78,-2.98,19.58
77571460,25,18.78,-2.98,19.59
77632532,25,18.78,-2.98,19.42
77693592,25,18.78,-2.98,19.49
77754680,25,18.78,-2.98,19.42
77815744,25,18.78,-2.98,19.43
77876824,25,18.78,-2.98,19.54
77937900,25,18.78,-2.98,19.50
77998972,25,18.78,-2.98,19.52
78060048,25,18.78,-2.98,19.54
78121108,25,18.78,-2.98,19.53
78182168,25,18.78,-2.98,19.53
78243244,25,18.78,-2.98,19.55
78304320,25,18.78,-2.98,19.45
78365384,25,18.78,-2.98,19.72
78426468,25,18.78,-2.98,19.67
78487532,25,18.78,-2.98,19.43
78548608,25,18.78,-2.98,19.62
78609684,25,18.78,-2.98,19.53
78670756,25,18.78,-2.98,19.83
78731844,25,18.78,-2.98,19.69
78792920,25,18.78,-2.98,19.90
78853992,25,18.78,-2.98,19.83
78915064,25,18.78,-2.98,19.88
78976140,25,18.78,-2.98,19.87
79037212,25,18.78,-2.98,19.95
79098292,25,18.78,-2.98,19.95
79159368,25,18.78,-2.98,19.87
79220428,25,18.78,-2.98,19.96
79281508,25,18.78,-2.98,19.87
79342568,25,18.78,-2.98,19.93
79403636,25,18.78,-2.98,19.76
79464716,25,18.78,-2.98,19.97
79525780,25,18.78,-2.98,19.96
79586864,25,18.78,-2.98,19.90
79647936,25,18.78,-2.98,19.97
79708988,25,18.78,-2.98,20.03
79770028,25,18.78,-2.98,19.95
79831084,25,19.31,-2.98,20.03
79892120,25,19.31,-2.98,20.10
79953192,25,19.31,-2.98,20.12
80014248,25,19.31,-2.98,19.89
80075316,25,19.31,-2.98,20.06
80136368,25,19.31,-2.98,20.07
80197412,25,19.31,-2.98,20.04
80258476,25,19.31,-2.98,20.09
80319532,25,19.31,-2.98,20.06
80380576,25,19.31,-2.98,20.13
80441636,25,19.31,-2.98,20.08
80502692,25,19.31,-2.98,20.15
80563744,25,19.31,-1.10,20.05
80624780,25,19.31,1.14,20.13
80685824,25,19.31,-0.03,20.25
80746896,25,19.31,-2.49,20.22
80807964,25,19.31,-3.16,20.12
80869004,25,19.31,-3.16,20.30
80930076,25,19.31,-3.16,20.18
80991116,25,19.31,-3.16,20.23
81052176,25,19.31,-3.16,20.30
81113232,25,19.31,-3.16,20.12
81174276,25,19.31,-3.16,20.23
81235332,25,19.31,-3.16,20.17
81296392,25,19.31,-3.16,20.31
81357436,25,19.31,-3.16,20.26
81418500,25,19.31,-3.16,20.19
81479552,25,19.31,-3.16,20.25
81540608,25,19.31,-3.16,20.08
81601656,25,19.31,-3.16,20.22
81662700,25,19.31,-3.16,20.23
81723768,25,19.31,-3.16,20.21
81784808,25,19.31,-3.16,20.15
81845864,25,19.31,-3.16,20.18
81906924,25,19.31,-3.16,20.09
81967972,25,19.31,-3.16,20.20
82029036,25,19.31,-3.16,20.09
82090084,25,19.31,-3.16,20.05
82151128,25,19.31,-3.16,20.17
82212188,25,19.31,-3.16,19.90
82273240,25,19.31,-3.16,20.15
82334300,25,19.31,-3.16,20.11
82395348,25,19.31,-3.16,20.13
82456400,25,19.31,-3.16,19.93
82517464,25,19.31,-3.16,20.02
82578532,25,19.31,-2.63,20.15
82639592,25,19.31,-2.63,20.03
82700668,25,19.31,-2.63,20.05
82761732,25,19.31,-2.63,20.18
82822804,25,19.31,-2.63,20.04
82883876,25,19.31,-2.63,20.09
82944940,25,19.31,-2.63,20.12
83006008,25,19.31,-2.63,19.88
83067088,25,19.31,-2.63,19.89
83128156,25,19.31,-2.63,19.92
83189232,25,19.31,-2.63,20.11
83250292,25,19.31,-2.63,19.94
83311364,25,19.31,-2.63,20.07
83372428,25,19.31,-2.63,19.95
83433508,25,19.31,-2.63,20.05
83494556,25,19.31,-2.63,19.88
83555644,25,19.31,-2.63,19.94
83616700,25,19.31,-2.63,20.10
83677752,25,19.31,-2.63,19.70
83738832,25,19.31,-2.63,19.88
83799892,25,19.31,-2.63,19.94
83860968,25,19.31,-2.63,19.69
83922036,25,19.31,-2.63,19.68
83983096,25,19.31,-2.63,19.74
84044176,25,19.31,-2.63,19.84
84105244,25,19.31,-2.63,19.83
84166292,25,19.31,-2.63,19.78
84227360,25,19.31,-2.63,19.85
84288416,25,19.31,-2.63,19.77
84349500,25,19.31,-2.63,19.73
84410576,25,19.31,-2.63,20.00
84471624,25,19.31,-2.63,19.68
84532712,25,19.31,-2.63,19.78
84593776,25,19.31,-2.63,19.67
84654836,25,19.31,-2.63,19.89
84715916,25,19.31,-2.63,19.90
84776992,25,19.31,-2.63,19.74
84838048,25,19.31,-2.63,19.84
84899124,25,19.31,-2.63,19.82
84960180,25,19.31,-2.63,19.88
85021260,25,19.31,-2.63,20.00
85082332,25,19.31,-2.63,20.02
85143380,25,19.82,-2.63,20.10
85204448,25,19.82,-2.63,19.93
85265528,25,19.82,-2.63,20.11
85326580,25,19.82,-2.63,19.99
85387668,25,19.82,-2.63,20.21
85448728,25,19.82,-2.63,20.34
85509788,25,19.82,-2.63,20.23
85570856,25,19.82,-2.63,20.21
85631916,25,19.82,-2.63,20.35
85692996,25,19.82,-2.63,20.17
85754068,25,19.82,-2.63,20.39
85815132,25,19.82,-2.63,20.26
85876196,25,19.82,-2.63,20.23
85937260,25,19.82,-2.63,20.40
85998328,25,19.82,-2.63,20.33
86059396,25,19.82,-2.63,20.27
86120468,25,19.82,-2.63,20.28
86181532,25,19.82,-2.63,20.36
86242604,25,19.82,-2.63,20.42
86303664,25,19.82,-2.63,20.30
86364732,25,19.82,-2.63,20.60
86425808,25,19.82,-2.63,20.53
86486876,25,19.82,-2.63,20.50
86547956,25,19.82,-2.63,20.48
86609036,25,19.82,-2.63,20.45
86670096,25,19.82,-2.63,20.34
86731176,25,19.82,-2.63,20.71
86792252,25,19.82,-2.63,20.54
86853320,25,19.82,-2.63,20.73
86914396,25,19.82,-2.63,20.64
86975452,25,19.82,-2.63,20.57
87036532,25,19.82,-2.63,20.54
87097600,25,19.82,-2.63,20.73
87158664,25,19.82,-2.63,20.65
87219740,25,19.82,-2.63,20.58
87280804,25,19.82,-2.63,20.80
87341868,25,19.82,-2.63,20.64
87402952,25,19.82,-2.63,20.55
87464016,25,19.82,-2.63,20.63
87525080,25,19.82,-2.63,20.65
87586148,25,19.82,-2.63,20.79
87647220,25,19.82,-2.63,20.79
87708284,25,19.82,-2.63,20.73
87769360,25,19.82,-2.63,20.93
87830420,25,19.82,-2.63,20.82
87891492,25,19.82,-2.63,20.80
87952564,25,19.82,-2.63,20.89
88013624,25,19.82,-2.63,20.87
88074696,25,19.82,-2.63,20.73
88135756,25,19.82,-2.63,20.88
88196816,25,20.36,-2.63,20.90
88257888,25,20.36,-2.63,20.99
88318956,25,20.36,-2.63,20.94
88380024,25,20.36,-2.63,21.05
88441104,25,20.36,-2.63,20.98
88502172,25,20.36,-2.63,20.95
88563236,25,20.36,-2.63,21.00
88624296,25,20.36,-2.63,20.96
88685368,25,20.36,-2.63,20.89
88746440,25,20.36,-2.63,20.96
88807512,25,20.36,-2.63,21.00
88868568,25,20.36,-2.63,20.99
88929648,25,20.36,-2.63,21.03
88990708,25,20.36,-2.63,21.17
89051780,25,20.36,-2.63,21.19
89112852,25,20.36,-2.63,21.14
89173916,25,20.36,-2.63,20.91
89234984,25,20.36,-2.63,21.08
89296060,25,20.36,-2.63,21.15
89357124,25,20.36,-2.63,21.11
89418196,25,20.36,-2.63,21.09
89479268,25,20.36,-2.63,21.04
89540324,25,20.36,-2.63,21.14
89601400,25,20.36,-2.63,21.11
89662460,25,20.36,-2.63,21.05
89723532,25,20.36,-2.63,21.12
89784608,25,20.36,-2.63,21.26
89845680,25,20.36,-2.63,21.15
89906748,25,20.36,-2.63,21.22
89967820,25,20.36,-2.63,21.21
90028884,25,20.36,-2.63,21.30
90089964,25,20.36,-2.63,21.26
90151032,25,20.36,-2.63,21.24
90212084,25,20.36,-2.63,21.31
90273160,25,20.36,-2.63,21.40
90334232,25,20.36,-2.63,21.26
90395300,25,20.86,-2.63,21.31
90456368,25,20.86,-2.63,21.18
90517436,25,20.86,-2.63,21.39
90578520,25,20.86,-2.63,21.33
90639584,25,20.86,-2.63,21.33
90700644,25,20.86,-2.63,21.38
90761724,25,20.86,-2.63,21.26
90822792,25,20.86,-2.63,21.46
90883860,25,20.86,-2.63,21.49
90944936,25,20.86,-2.63,21.38
91006008,25,20.86,-2.63,21.39
91067072,25,20.86,-2.63,21.52
91128144,25,20.86,-2.63,21.44
91189208,25,20.86,-2.63,21.33
91250280,25,20.86,-2.63,21.52
91311340,25,20.86,-2.63,21.55
91372400,25,20.86,-2.63,21.51
91433452,25,20.86,-2.63,21.66
91494512,25,20.86,-2.63,21.56
91555560,25,20.86,-2.63,21.80
91616628,25,20.86,-2.63,21.57
91677668,25,20.86,-2.63,21.73
91738728,25,20.86,-2.63,21.75
91799780,25,20.86,-2.63,21.78
91860836,25,20.86,-2.63,21.71
91921904,25,20.86,-2.63,21.93
91982984,25,20.86,-2.63,21.78
92044048,25,20.86,-2.63,21.63
92105120,25,20.86,-2.63,21.71
92166192,25,20.86,-2.63,21.72
92227252,25,20.86,-2.63,21.81
92288324,25,20.86,-2.63,21.83
92349392,25,20.86,-2.63,22.05
92410472,25,20.86,-2.63,21.78
92471544,25,20.86,-2.63,21.87
92532612,25,20.86,-2.63,21.85
92593684,25,20.86,-2.63,21.99
92654752,25,20.86,-2.63,21.99
92715816,25,21.38,-2.63,21.99
92776892,25,21.38,-2.63,22.01
92837956,25,21.38,-2.63,21.95
92899020,25,21.38,-2.63,22.16
92960092,25,21.38,-2.63,21.91
93021152,25,21.38,-2.63,22.03
93082216,25,21.38,-2.63,22.09
93143304,25,21.38,-2.63,22.10
93204364,25,21.38,-2.63,21.97
93265444,25,21.38,-2.63,22.01
93326500,25,21.38,-2.63,22.12
93387560,25,21.38,-2.63,22.02
93448628,25,21.38,-2.63,22.09
93509692,25,21.38,-2.63,22.07
93570752,25,21.38,-2.63,22.07
93631824,25,21.38,-2.63,22.08
93692880,25,21.38,-2.63,22.20
93753960,25,21.38,-2.63,22.20
93815020,25,21.38,-2.63,22.22
93876076,25,21.38,-2.63,22.16
93937132,25,21.38,-2.63,22.23
93998184,25,21.38,-2.63,22.06
94059228,25,21.38,-2.63,22.21
94120288,25,21.38,-2.63,22.14
94181336,25,21.38,-2.63,22.21
94242392,25,21.38,-2.63,22.23
94303448,25,21.38,-2.63,22.09
94364492,25,21.38,-2.63,22.17
94425548,25,21.38,-2.63,22.25
94486596,25,21.38,-2.63,22.39
94547636,25,21.38,-2.63,22.29
94608700,25,21.38,-1.14,22.25
94669728,25,21.38,1.17,22.35
94730784,25,21.38,0.13,22.29
94791840,25,21.38,-2.35,22.28
94852908,25,21.38,-3.09,22.41
94913968,25,21.38,-3.09,22.41
94975024,25,21.38,-3.09,22.33
95036076,25,21.38,-3.09,22.39
95097140,25,21.89,-3.09,22.36
95158184,25,21.89,-3.09,22.39
95219252,25,21.89,-3.09,22.24
95280300,25,21.89,-3.09,22.34
95341360,25,21.89,-3.09,22.17
95402436,25,21.89,-3.09,22.33
95463504,25,21.89,-3.09,22.36
95524572,25,21.89,-3.09,22.38
95585648,25,21.89,-3.09,22.57
95646724,25,21.89,-3.09,22.33
95707780,25,21.89,-3.09,22.36
95768860,25,21.89,-3.09,22.36
95829928,25,21.89,-3.09,22.36
95891004,25,21.89,-1.05,22.34
95952060,25,21.89,1.18,22.36
96013120,25,21.89,0.09,22.35
96074196,25,21.89,-2.43,22.47
96135284,25,21.89,-3.16,22.38
96196328,25,21.89,-3.16,22.38
96257388,25,21.89,-3.16,22.39
96318440,25,21.89,-3.16,22.40
96379500,25,21.89,-3.16,22.40
96440568,25,21.89,-3.16,22.32
96501640,25,21.89,-3.16,22.47
96562716,25,21.89,-3.16,22.37
96623780,25,21.89,-3.16,22.66
96684836,25,21.89,-3.16,22.74
96745892,25,21.89,-3.16,22.51
96806956,25,21.89,-3.16,22.47
96868016,25,21.89,-3.16,22.53
96929088,25,21.89,-3.16,22.51
96990140,25,21.89,-2.62,22.53
97051212,25,21.89,-2.62,22.65
97112292,25,21.89,-2.62,22.52
97173344,25,21.89,-2.62,22.55
97234420,25,21.89,-2.62,22.59
97295496,25,21.89,-2.62,22.52
97356556,25,21.89,-2.62,22.68
97417636,25,21.89,-2.62,22.71
97478704,25,21.89,-2.62,22.64
97539764,25,21.89,-2.62,22.66
97600840,25,21.89,-2.62,22.59
97661900,25,21.89,-2.62,22.64
97722976,25,21.89,-2.62,22.58
97784036,25,21.89,-2.62,22.62
97845080,25,21.89,-2.62,22.76
97906136,25,21.89,-2.62,22.73
97967188,25,21.89,-2.62,22.69
98028240,25,22.42,-2.62,22.84
98089288,25,22.42,-2.62,22.75
98150340,25,22.42,-2.62,22.77
98211420,25,22.42,-2.62,22.74
98272468,25,22.42,-2.62,22.93
98333532,25,22.42,-2.62,22.73
98394608,25,22.42,-2.62,22.88
98455672,25,22.42,-2.62,22.77
98516740,25,22.42,-2.62,22.92
98577812,25,22.42,-2.62,22.85
98638884,25,22.42,-2.62,22.99
98699944,25,22.42,-2.62,22.95
98761016,25,22.42,-2.62,22.96
98822076,25,22.42,-2.62,22.94
98883152,25,22.42,-2.62,22.93
98944216,25,22.42,-2.62,22.97
99005280,25,22.42,-2.62,23.01
99066348,25,22.42,-2.62,22.88
99127428,25,22.42,-2.62,22.96
99188484,25,22.42,-2.62,23.00
99249556,25,22.42,-2.62,22.98
99310636,25,22.42,-2.62,22.95
99371688,25,22.42,-2.62,23.23
99432748,25,22.42,-2.62,22.96
99493812,25,22.42,-2.62,23.04
99554876,25,22.42,-2.62,23.09
99615952,25,22.93,-2.62,22.97
99677024,25,22.93,-2.62,23.12
99738088,25,22.93,-2.62,23.00
99799156,25,22.93,-2.62,23.11
99860220,25,22.93,-2.62,23.23
99921292,25,22.93,-2.62,23.13
99982360,25,22.93,-2.62,23.19
100043412,25,22.93,-2.62,22.97
100104512,25,22.93,-2.06,23.18
100165568,25,22.93,-2.06,23.10
100226648,25,22.93,-2.65,23.09
100287724,25,22.93,-2.65,23.11
100348784,25,22.93,-2.65,23.12
100409868,25,22.93,-2.65,23.16
100470932,25,22.93,-2.65,23.18
100531996,25,22.93,-2.65,23.13
100593056,25,22.93,-2.65,23.20
100654112,25,22.93,-2.65,23.03
100715164,25,22.93,-2.65,23.15
100776228,25,22.93,-2.65,23.10
100837280,25,22.93,-2.65,23.20
100898340,25,22.93,-2.65,23.10
100959392,25,22.93,-2.65,23.40
101020456,25,22.93,-2.65,23.28
101081516,25,22.93,-2.65,23.25
101142568,25,22.93,-2.65,23.30
101203624,25,22.93,-2.65,23.23
101264680,25,22.93,-2.65,23.31
101325732,25,22.93,-2.65,23.24
101386796,25,22.93,-2.65,23.31
101447852,25,22.93,-2.65,23.20
101508908,25,22.93,-2.65,23.31
101569960,25,22.93,-2.65,23.45
101631012,25,22.93,-2.65,23.39
101692060,25,22.93,-2.65,23.34
101753116,25,22.93,-2.65,23.40
101814172,25,22.93,-2.65,23.33
101875228,25,22.93,-2.65,23.32
101936288,25,22.93,-2.65,23.48
101997340,25,22.93,-2.65,23.32
102058400,25,22.93,-2.65,23.63
102119456,25,22.93,-2.65,23.53
102180504,25,22.93,-2.65,23.46
102241568,25,22.93,-2.65,23.51
102302608,25,23.43,-2.65,23.51
102363668,25,23.43,-2.65,23.59
102424732,25,23.43,-2.65,23.50
102485780,25,23.43,-2.65,23.53
102546840,25,23.43,-2.65,23.67
102607900,25,23.43,-2.65,23.59
102668960,25,23.43,-2.65,23.55
102730016,25,23.43,-2.65,23.72
102791060,25,23.43,-2.65,23.65
102852124,25,23.43,-2.65,23.81
102913180,25,23.43,-2.65,23.54
102974220,25,23.43,-2.65,23.72
103035284,25,23.43,-2.65,23.64
103096344,25,23.43,-2.65,23.68
103157396,25,23.43,-2.65,23.69
103218456,25,23.43,-2.65,23.72
103279504,25,23.43,-2.65,23.93
103340560,25,23.43,-2.65,23.70
103401620,25,23.43,-2.65,23.73
103462660,25,23.43,-2.65,23.79
103523728,25,23.43,-2.65,23.86
103584784,25,23.43,-2.65,23.80
103645852,25,23.43,-2.65,23.80
103706932,25,23.96,-2.65,23.82
103767980,25,23.96,-2.65,23.87
103829036,25,23.96,-2.65,23.96
103890084,25,23.96,-2.65,23.89
103951140,25,23.96,-2.65,23.94
104012212,25,23.96,-2.65,24.02
104073280,25,23.96,-2.65,23.87
104134344,25,23.96,-2.65,23.88
104195424,25,23.96,-2.65,23.89
104256492,25,23.96,-2.65,23.92
104317564,25,23.96,-2.65,23.89
104378648,25,23.96,-2.65,23.99
104439704,25,23.96,-2.65,24.09
104500776,25,23.96,-2.65,24.16
104561840,25,23.96,-2.65,24.08
104622900,25,23.96,-2.65,24.05
104683960,25,23.96,-2.65,24.10
104745028,25,23.96,-2.65,24.06
104806076,25,23.96,-2.65,24.06
104867136,25,23.96,-2.65,24.15
104928192,25,23.96,-2.65,23.97
104989260,25,23.96,-2.65,24.05
105050308,25,24.51,-2.65,24.11
105111360,25,24.51,-2.65,24.04
105172424,25,24.51,-2.65,24.21
105233488,25,24.51,-2.65,24.11
105294540,25,24.51,-2.65,24.15
105355612,25,24.51,-2.65,24.20
105416656,25,24.51,-2.65,24.19
105477732,25,24.51,-2.65,24.38
105538796,25,24.51,-2.65,24.12
105599840,25,24.51,-2.65,23.99
105660912,25,24.51,-2.65,24.24
105721960,25,24.51,-2.65,24.26
105783016,25,24.51,-2.65,24.18
105844080,25,24.51,-2.65,24.23
105905128,25,24.51,-2.65,24.13
105966196,25,24.51,-2.65,24.16
106027264,25,24.51,-2.65,24.20
106088316,25,24.51,-2.65,24.19
106149384,25,24.51,-2.65,24.33
106210448,25,24.51,-2.65,24.34
106271504,25,24.51,-2.65,24.36
106332564,25,24.51,-2.65,24.39
106393628,25,24.51,-2.65,24.37
106454672,25,24.51,-2.04,24.28
106515732,25,24.51,-2.04,24.36
106576792,25,24.51,-2.04,24.43
106637872,25,24.51,-2.04,24.28
106698952,25,24.51,-2.04,24.34
106760016,25,24.51,-2.04,24.32
106821084,25,24.51,-2.04,24.48
106882156,25,24.51,-2.04,24.57
106943224,25,24.51,-2.04,24.46
107004296,25,24.51,-2.04,24.59
107065376,25,24.51,-2.04,24.39
107126444,25,24.51,-2.04,24.45
107187520,25,24.51,-2.04,24.60
107248592,25,24.51,-2.04,24.59
107309684,25,24.51,-2.04,24.71
107370756,25,24.51,-2.04,24.44
107431824,25,24.51,-2.04,24.56
107492908,25,25.02,-2.04,24.79
107553976,25,25.02,-2.04,24.59
107615032,25,25.02,-2.04,24.53
107676084,25,25.02,-2.04,24.65
107737148,25,25.02,-2.04,24.52
107798192,25,25.02,-2.04,24.61
107859260,25,25.02,-2.04,24.55
107920308,25,25.02,-2.04,24.61
107981364,25,25.02,-2.04,24.71
108042428,25,25.02,-2.04,24.76
108103472,25,25.02,-2.04,24.71
108164536,25,25.02,-2.04,24.69
108225592,25,25.02,-2.04,24.56
108286640,25,25.02,-2.04,24.71
108347704,25,25.02,-2.04,24.70
108408760,25,25.02,-2.04,24.81
108469816,25,25.02,-2.04,24.85
108530880,25,25.02,-2.04,24.75
108591940,25,25.02,-2.04,24.76
108653020,25,25.02,-2.04,24.61
108714088,25,25.02,-2.04,24.69
108775152,25,25.02,-2.04,24.68
108836228,25,25.02,-2.04,24.89
108897304,25,25.02,-2.04,24.89
108958372,25,25.02,-2.04,24.79
109019452,25,25.02,-2.04,24.83
109080512,25,25.02,-2.04,24.85
109141588,25,25.02,-2.04,24.77
109202656,25,25.02,-2.04,24.83
109263720,25,25.02,-2.04,24.81
109324800,25,25.02,-2.04,24.96
109385880,25,25.02,-2.04,24.70
109446940,25,25.02,-2.04,24.93
109508016,25,25.02,-2.04,24.85
109569076,25,25.02,-2.04,24.88
109630140,25,25.02,-2.04,24.77
109691216,25,25.02,-2.04,24.95
109752276,25,25.02,-2.04,24.97
109813352,25,25.54,-2.04,24.86
109874428,25,25.54,-2.04,24.88
109935484,25,25.54,-2.04,24.82
109996556,25,25.54,-2.04,25.15
110057624,25,25.54,-2.04,25.02
110118676,25,25.54,-2.04,25.07
110179760,25,25.54,-0.27,24.99
110240828,25,25.54,1.96,25.14
110301880,25,25.54,0.83,25.17
110362948,25,25.54,-1.63,24.97
110424016,25,25.54,-2.28,25.09
110485104,25,25.54,-2.28,24.98
110546172,25,25.54,-2.28,24.94
110607236,25,25.54,-2.28,25.24
110668300,25,25.54,-2.28,25.15
110729368,25,25.54,-2.28,25.19
110790428,25,25.54,-2.28,25.31
110851504,25,25.54,-2.28,25.33
110912576,25,25.54,-2.28,25.11
110973632,25,25.54,-2.28,25.17
111034708,25,25.54,-2.28,25.18
111095784,25,25.54,-2.28,25.32
111156860,25,25.54,-2.28,25.23
111217920,25,25.54,-2.28,25.35
111278984,25,25.54,-2.28,25.22
111340060,25,25.54,-2.28,25.26
111401136,25,25.54,-2.28,25.40
111462196,25,25.54,-2.28,25.28
111523272,25,25.54,-2.28,25.42
111584336,25,25.54,-2.28,25.39
111645400,25,26.06,-2.28,25.43
111706472,25,26.06,-2.28,25.16
111767532,25,26.06,-2.28,25.31
111828608,25,26.06,-2.28,25.53
111889684,25,26.06,-2.28,25.45
111950748,25,26.06,-2.28,25.32
112011816,25,26.06,-2.28,25.44
112072884,25,26.06,-2.28,25.52
112133952,25,26.06,-2.28,25.52
112195024,25,26.06,-2.28,25.51
112256092,25,26.06,-2.28,25.50
112317160,25,26.06,-2.28,25.52
112378240,25,26.06,-2.28,25.50
112439312,25,26.06,-2.28,25.60
112500380,25,26.06,-2.28,25.56
112561460,25,26.06,-2.28,25.67
112622520,25,26.06,-2.28,25.55
112683604,25,26.06,-2.28,25.69
112744672,25,26.06,-2.28,25.72
112805736,25,26.06,-2.28,25.72
112866816,25,26.06,-2.28,25.64
112927884,25,26.06,-2.28,25.82
112988952,25,26.06,-2.28,25.75
113050028,25,26.06,-2.28,25.72
113111100,25,26.06,-2.28,25.62
113172176,25,26.06,-1.78,25.69
113233252,25,26.06,-1.78,25.86
113294320,25,26.06,-1.78,25.75
113355392,25,26.06,-1.78,25.77
113416468,25,26.06,-1.78,25.84
113477528,25,26.57,-1.78,25.72
113538592,25,26.57,-1.78,25.79
113599660,25,26.57,-1.78,25.75
113660716,25,26.57,-1.78,25.87
113721788,25,26.57,-1.78,25.92
113782852,25,26.57,-1.78,26.06
113843908,25,26.57,-1.78,25.88
113904988,25,26.57,-1.78,26.06
113966044,25,26.57,-1.78,26.08
114027116,25,26.57,-1.78,25.94
114088184,25,26.57,-1.78,26.09
114149240,25,26.57,-1.78,26.05
114210312,25,26.57,-1.78,26.12
114271384,25,26.57,-1.78,26.17
114332444,25,26.57,-1.78,26.15
114393524,25,26.57,-1.78,26.18
114454592,25,26.57,-1.78,26.11
114515648,25,26.57,-1.78,26.16
114576716,25,26.57,-1.78,26.18
114637764,25,27.10,-1.78,26.19
114698812,25,27.10,-1.78,26.34
114759868,25,27.10,-1.78,26.18
114820916,25,27.10,-1.78,26.16
114881988,25,27.10,-1.78,26.30
114943060,25,27.10,-1.78,26.33
115004116,25,27.10,-1.78,26.13
115065192,25,27.10,-1.78,26.29
115126260,25,27.10,-1.78,26.23
115187324,25,27.10,-1.78,26.28
115248392,25,27.10,-1.78,26.31
115309452,25,27.10,-1.78,26.27
115370532,25,27.10,-1.78,26.24
115431584,25,27.10,-1.78,26.33
115492628,25,27.10,-1.78,26.32
115553680,25,27.10,-1.78,26.33
115614728,25,27.10,-1.78,26.37
115675768,25,27.10,-1.78,26.43
115736808,25,27.10,-1.78,26.47
115797852,25,27.10,-1.78,26.42
115858912,25,27.10,-1.78,26.42
115919960,25,27.10,-1.78,26.44
115981008,25,27.10,-1.78,26.46
116042076,25,27.63,-1.78,26.49
116103140,25,27.63,-1.78,26.54
116164216,25,27.63,-1.78,26.59
116225284,25,27.63,-1.78,26.52
116286352,25,27.63,-1.78,26.55
116347424,25,27.63,-1.78,26.59
116408500,25,27.63,-1.78,26.48
116469568,25,27.63,-1.78,26.63
116530648,25,27.63,-1.78,26.61
116591716,25,27.63,-1.78,26.72
116652784,25,27.63,-1.78,26.56
116713872,25,27.63,-1.78,26.65
116774944,25,27.63,-1.78,26.74
116836004,25,27.63,-1.78,26.76
116897080,25,27.63,-1.78,26.92
116958140,25,27.63,-1.78,26.92
117019224,25,27.63,-1.78,26.86
117080296,25,27.63,-1.78,26.74
117141352,25,27.63,-1.78,26.83
117202424,25,27.63,-1.78,26.88
117263504,25,28.16,-1.78,26.84
117324568,25,28.16,-1.78,26.90
117385648,25,28.16,-1.78,27.06
117446720,25,28.16,-1.78,26.83
117507784,25,28.16,-1.78,26.95
117568864,25,28.16,-1.78,27.06
117629924,25,28.16,-1.78,27.10
117690996,25,28.16,-1.78,26.84
117752068,25,28.16,-1.78,26.78
117813132,25,28.16,-1.78,27.00
117874204,25,28.16,-1.78,27.17
117935272,25,28.16,-1.78,26.78
117996344,25,28.16,-1.78,26.97
118057420,25,28.16,-1.78,27.01
118118476,25,28.16,-1.78,27.16
118179548,25,28.16,-1.78,27.14
118240616,25,28.16,-1.78,27.26
118301676,25,28.16,-1.78,27.00
118362760,25,28.16,-1.78,27.15
118423816,25,28.16,-1.78,27.02
118484880,25,28.16,-1.78,27.11
118545956,25,28.16,-1.78,27.23
118607028,25,28.16,-1.78,27.16
118668096,25,28.16,-1.78,27.05
118729168,25,28.16,-1.78,27.09
118790240,25,28.69,-1.78,27.23
118851300,25,28.69,-1.78,27.28
118912368,25,28.69,-1.78,27.23
118973428,25,28.69,-1.78,27.16
119034500,25,28.69,-1.78,27.18
119095576,25,28.69,-1.78,27.32
119156640,25,28.69,-1.78,27.27
119217720,25,28.69,-1.78,27.31
119278772,25,28.69,-1.78,27.20
119339824,25,28.69,-1.78,27.35
119400896,25,28.69,-1.78,27.30
119461968,25,28.69,-1.78,27.45
119523028,25,28.69,-1.78,27.41
119584104,25,28.69,-1.78,27.39
119645172,25,28.69,-1.78,27.29
119706248,25,28.69,-1.78,27.63
119767316,25,28.69,-1.78,27.50
119828356,25,28.69,-1.78,27.43
119889416,25,28.69,-1.78,27.49
119950484,25,28.69,-1.78,27.41
120011536,25,28.69,-1.78,27.64
120072600,25,28.69,-1.78,27.47
120133656,25,28.69,-1.78,27.49
120194704,25,28.69,-1.78,27.50
























































180256660,38,24.53,-1.27,-0.05
180321644,38,13.59,-2.17,-0.13
180382704,38,5.85,-2.17,-0.01
180443768,38,5.16,-2.17,0.10
180504804,38,6.49,-2.17,-0.12
180565872,38,7.17,-2.17,-0.03
180626932,38,7.17,-2.17,-0.04
180687984,38,7.17,-2.17,-0.10
180749036,38,7.17,-2.17,0.11
180810088,38,7.17,-2.17,0.12
180871140,38,7.17,-2.17,-0.05
180932212,38,7.17,-2.17,-0.16
180993272,38,7.17,-2.17,0.01
181054320,38,7.76,-2.17,-0.05
181115392,38,7.76,-2.17,-0.14
181176448,38,7.76,-2.17,-0.02
181237488,38,7.76,-2.17,0.02
181298524,38,7.76,-0.79,-0.21
181359568,38,7.76,1.57,0.01
181420616,38,7.76,0.46,0.10
181481656,38,8.30,-2.12,0.03
181542728,38,8.30,-2.88,-0.07
181603808,38,8.30,-2.88,-0.06
181664868,38,8.30,-2.88,-0.05
181725916,38,8.30,-2.28,-0.07
181786984,38,8.84,-2.28,0.09
181848028,38,8.84,-2.28,-0.03
181909092,38,8.84,-2.28,-0.08
181970148,38,8.84,-2.28,-0.04
182031196,38,8.84,-2.28,0.16
182092244,38,8.84,-2.28,-0.01
182153312,38,9.36,-2.28,-0.04
182214364,38,9.36,-2.28,-0.04
182275428,38,9.36,-2.28,0.15
182336464,38,9.36,-2.28,0.30
182397532,38,9.36,-2.28,0.26
182458596,38,9.36,-2.28,0.33
182519640,38,9.36,-2.28,0.49
182580708,38,9.36,-2.28,0.81
182641760,38,9.36,-2.28,0.88
182702816,38,9.36,-2.28,1.04
182763880,38,9.36,-2.28,1.22
182824932,38,9.87,-2.28,1.22
182885992,38,9.87,-2.28,1.36
182947060,38,9.87,-2.28,1.51
183008104,38,9.87,-2.28,1.64
183069172,38,9.87,-2.28,1.72
183130224,38,9.87,-2.28,1.84
183191276,38,9.87,-2.28,1.98
183252348,38,9.87,-2.28,2.08
183313400,38,9.87,-2.28,2.25
183374460,38,9.87,-2.28,2.25
183435516,38,9.87,-2.28,2.50
183496576,38,9.87,-2.28,2.57
183557632,38,9.87,-2.28,2.75
183618672,38,9.87,-2.28,2.83
183679696,38,9.87,-2.28,2.96
183740736,38,9.87,-2.28,3.08
183801772,38,9.87,-2.28,3.33
183862816,38,9.87,-2.28,3.35
183923868,38,10.44,-2.28,3.50
183984904,38,10.44,-2.28,3.55
184045948,38,10.44,-2.28,4.00
184106996,38,10.44,-2.28,3.99
184168040,38,10.44,-2.28,4.04
184229072,38,10.44,-2.28,4.30
184290108,38,10.44,-2.28,4.45
184351172,38,10.44,-2.28,4.59
184412216,38,10.44,-2.28,4.69
184473256,38,10.44,-2.28,4.81
184534304,38,10.44,-2.28,4.80
184595352,38,10.44,-2.28,5.00
184656408,38,10.44,-2.28,5.21
184717436,38,10.44,-2.28,5.43
184778476,38,10.99,-2.28,5.50
184839532,38,10.99,-2.28,5.52
184900576,38,10.99,-2.28,5.91
184961624,38,10.99,-2.28,6.01
185022664,38,10.99,-2.28,5.99
185083708,38,10.99,-2.28,6.37
185144756,38,10.99,-2.28,6.58
185205796,38,10.99,-2.28,6.74
185266828,38,10.99,-2.28,6.75
185327876,38,10.99,-2.28,7.00
185388920,38,11.55,-2.28,7.14
185449956,38,11.55,-2.28,7.39
185511020,38,11.55,-2.28,7.48
185572080,38,11.55,-2.28,7.72
185633140,38,11.55,-2.28,7.79
185694196,38,11.55,-2.28,8.10
185755248,38,11.55,-2.28,8.30
185816316,38,12.14,-2.28,8.52
185877356,38,12.14,-2.28,8.70
185938424,38,12.14,-2.28,8.87
185999476,38,12.14,-2.28,9.19
186060528,38,12.14,-2.28,9.28
186121592,38,12.14,-2.28,9.45
186182640,38,12.14,-2.28,9.55
186243704,38,12.14,-2.28,9.90
186304752,38,12.76,-2.28,10.05
186365816,38,12.76,-0.29,10.30
186426876,38,12.76,2.02,10.37
186487924,38,12.76,0.82,10.63
186548972,38,12.76,-1.72,11.05
186610044,38,12.76,-2.37,11.03
186671100,38,13.28,-2.37,11.33
186732164,38,13.28,-2.37,11.47
186793228,38,13.28,-2.37,11.75
186854280,38,13.28,-2.37,11.99
186915344,38,13.28,-2.37,12.12
186976392,38,13.28,-2.37,12.33
187037444,38,13.28,-2.37,12.48
187098516,38,13.86,-2.37,12.88
187159576,38,13.86,-2.37,12.96
187220620,38,13.86,-2.37,13.17
187281688,38,13.86,-2.37,13.28
187342724,38,13.86,-2.37,13.68
187403780,38,14.41,-2.37,13.80
187464812,38,14.41,-2.37,14.01
187525848,38,14.41,-2.37,13.99
187586908,38,14.41,-2.37,14.51
187647940,38,14.41,-2.37,14.55
187708992,38,14.41,-2.37,14.75
187770032,38,14.97,-2.37,14.88
187831080,38,14.97,-2.37,15.23
187892112,38,14.97,-2.37,15.48
187953136,38,14.97,-2.37,15.54
188014168,38,14.97,-2.37,15.77
188075200,38,15.55,-2.37,15.79
188136236,38,15.55,-2.37,16.13
188197280,38,15.55,-2.37,16.14
188258328,38,15.55,-2.37,16.36
188319376,38,15.55,-2.37,16.63
188380428,38,16.19,-2.37,16.67
188441476,38,16.19,-2.37,17.12
188502524,38,16.19,-2.37,17.09
188563568,38,16.19,-2.37,17.21
188624592,38,16.72,-2.37,17.56
188685648,38,16.72,-2.37,17.72
188746676,38,16.72,-2.37,17.76
188807724,38,16.72,-2.37,18.06
188868760,38,16.72,-2.37,18.20
188929796,38,17.30,-2.37,18.41
188990848,38,17.30,-2.37,18.63
189051888,38,17.30,-2.37,18.66
189112928,38,17.30,-2.37,18.85
189173984,38,17.86,-2.37,18.95
189235024,38,17.86,-2.37,19.19
189296084,38,17.86,-2.37,19.29
189357144,38,17.86,-2.37,19.72
189418192,38,18.45,-2.37,19.87
189479252,38,18.45,-2.37,19.84
189540292,38,18.45,-2.37,20.35
189601332,38,18.45,-2.37,20.44
189662376,38,18.45,-2.37,20.52
189723408,38,18.99,-2.37,20.58
189784472,38,18.99,-2.37,20.75
189845500,38,18.99,-2.37,21.08
189906560,38,18.99,-2.37,21.15
189967612,38,18.99,-2.37,21.45
190028664,38,19.56,-1.84,21.59
190089712,38,19.56,-1.84,21.75
190150764,38,19.56,-1.84,22.01
190211804,38,19.56,-1.84,22.09
190272872,38,19.56,-1.84,22.19
190333916,38,19.56,-1.84,22.41
190394968,38,20.16,-1.84,22.60
190456020,38,20.16,-1.84,22.82
190517068,38,20.16,-1.84,22.94
190578132,38,20.16,-1.84,23.22
190639196,38,20.16,-1.84,23.19
190700264,38,20.70,-1.84,23.13
190761332,38,20.70,-1.84,23.51
190822392,38,20.70,-1.84,23.72
190883464,38,21.21,-1.84,23.91
190944540,38,21.21,-1.84,23.88
191005608,38,21.21,-1.84,24.32
191066664,38,21.21,-1.84,24.24
191127732,38,21.21,-1.84,24.59
191188796,38,21.21,-1.84,24.68
191249864,38,21.21,-1.84,24.78
191310920,38,21.95,-1.84,24.94
191371984,38,21.95,-1.84,25.05
191433048,38,21.95,-1.84,25.25
191494104,38,21.95,-1.84,25.40
191555176,38,21.95,-1.84,25.35
191616248,38,22.54,-1.84,25.56
191677308,38,22.54,-1.84,25.65
191738388,38,22.54,-1.84,25.78
191799456,38,22.54,-1.84,25.87
191860516,38,22.54,-1.84,26.03
191921576,38,23.15,-1.84,26.24
191982652,38,23.15,-1.84,26.56
192043716,38,23.15,-1.84,26.66
192104788,38,23.15,-1.84,26.67
192165848,38,23.15,-1.84,27.01
192226920,38,23.80,-1.84,27.13
192287984,38,23.80,-1.84,27.22
192349052,38,23.80,-1.84,27.40
192410124,38,23.80,-1.84,27.42
192471188,38,23.80,-1.84,27.67
192532256,38,24.51,-1.84,27.79
192593332,38,24.51,-1.84,27.96
192654392,38,24.51,-1.84,28.12
192715452,38,24.51,-1.84,28.18
192776528,38,24.51,-1.84,28.38
192837596,38,25.16,-2.36,28.47
192898676,38,25.16,-2.36,28.58
192959748,38,25.16,-2.36,28.76
193020812,38,25.71,-2.36,28.84
193081884,38,25.71,-2.36,28.90
193142956,38,25.71,-2.36,28.96
193204008,38,26.25,-2.36,29.24
193265056,38,26.25,-2.36,29.34
193326124,38,26.25,-2.36,29.18
193387184,38,26.25,-2.36,29.35
193448260,38,26.80,-2.36,29.34
193509316,38,26.80,-2.36,29.64
193570392,38,26.80,-2.36,29.63
193631452,38,26.80,-2.36,29.64
193692500,38,27.41,-2.36,29.68
193753560,38,27.41,-2.36,29.76
193814612,38,27.41,-2.36,29.94
193875656,38,27.41,-2.36,30.01
193936712,38,27.98,-0.75,30.18
193997764,38,27.98,1.54,30.27
194058816,38,27.98,0.53,30.26
194119864,38,27.98,-1.93,30.29
194180924,38,28.50,-2.73,30.50
194241988,38,28.50,-2.73,30.43
194303040,38,28.50,-2.73,30.71
194364084,38,28.50,-2.73,30.66
194425148,38,28.50,-2.73,30.86
194486196,38,29.03,-2.73,31.02
194547248,38,29.03,-2.21,31.05
194608292,38,29.03,-2.21,31.21
194669340,38,29.03,-2.21,31.14
194730408,38,29.03,-2.21,31.41
194791456,38,29.03,-2.21,31.40
194852516,38,29.53,-2.21,31.55
194913580,38,29.53,-2.21,31.50
194974624,38,29.53,-2.21,31.63
195035680,38,29.53,-2.21,31.71
195096740,38,29.53,-2.21,31.85
195157800,38,29.53,-2.21,31.78
195218880,38,29.53,-2.21,31.86

























































255280856,51,25.20,-2.21,0.17
255344624,51,13.52,-2.21,0.10
255405692,51,5.26,-2.21,0.13
255466764,51,4.59,-2.21,-0.09
255527848,51,6.04,-2.21,0.04
255588908,51,6.74,-2.21,0.02
255649992,51,6.74,-2.21,0.14
255711052,51,6.74,-2.21,0.01
255772128,51,6.74,-2.21,-0.06
255833216,51,6.74,-2.21,0.11
255894268,51,6.74,-2.21,-0.09
255955360,51,7.27,-2.21,0.10
256016424,51,7.27,-2.21,0.10
256077480,51,7.27,-2.21,-0.04
256138568,51,7.27,-2.21,0.15
256199636,51,7.87,-2.21,0.15
256260720,51,7.87,-2.21,-0.06
256321816,51,7.87,-2.21,0.05
256382880,51,7.87,-2.21,0.14
256443956,51,7.87,-2.21,-0.03
256505040,51,8.39,-2.21,0.01
256566096,51,8.39,-2.21,0.04
256627180,51,8.39,-2.21,-0.06
256688260,51,8.91,-2.21,-0.06
256749328,51,8.91,-2.21,0.23
256810404,51,8.91,-2.21,0.41
256871476,51,8.91,-2.21,0.38
256932548,51,8.91,-2.21,0.59
256993632,51,9.44,-2.21,0.86
257054696,51,9.44,-2.21,0.79
257115768,51,9.44,-2.21,1.23
257176836,51,9.44,-2.21,1.33
257237904,51,9.44,-2.21,1.52
257298976,51,9.44,-2.21,1.77
257360048,51,9.44,-2.21,1.91
257421116,51,9.44,-2.21,2.04
257482196,51,9.44,-2.21,2.38
257543272,51,9.44,-2.21,2.46
257604336,51,9.44,-2.21,2.61
257665416,51,9.44,-2.21,2.96
257726492,51,9.44,-2.21,3.05
257787552,51,9.44,-2.21,3.42
257848632,51,9.44,-2.21,3.65
257909696,51,9.98,-2.21,3.83
257970784,51,9.98,-2.21,3.95
258031856,51,9.98,-2.21,4.08
258092904,51,9.98,-2.21,4.38
258153984,51,9.98,-2.21,4.68
258215056,51,9.98,-2.21,4.93
258276124,51,10.50,-2.21,5.30
258337192,51,10.50,-2.21,5.49
258398264,51,10.50,-2.21,5.82
258459324,51,10.50,-2.21,5.94
258520408,51,10.50,-2.21,6.31
258581468,51,10.50,-2.21,6.66
258642548,51,10.50,-2.21,6.81
258703620,51,11.07,-2.21,7.18
258764684,51,11.07,-2.21,7.36
258825760,51,11.07,-2.21,7.67
258886832,51,11.07,-2.21,8.05
258947888,51,11.07,-2.21,8.42
259008968,51,11.59,-2.21,8.82
259070040,51,11.59,-2.21,8.98
259131104,51,11.59,-2.21,9.45
259192176,51,11.59,-2.21,9.77
259253232,51,12.25,-2.21,10.18
259314296,51,12.25,-2.21,10.68
259375356,51,12.25,-2.21,10.85
259436408,51,12.25,-2.21,11.39
259497472,51,12.89,-2.21,11.81
259558528,51,12.89,-2.21,11.93
259619580,51,12.89,-2.21,12.38
259680644,51,12.89,-2.21,12.77
259741692,51,13.50,-2.21,13.13
259802748,51,13.50,-2.21,13.57
259863816,51,13.50,-2.21,13.85
259924860,51,13.50,-2.21,14.59
259985924,51,14.11,-2.21,14.59
260046980,51,14.11,-2.21,15.01
260108028,51,14.11,-2.21,15.38
260169116,51,14.85,-2.21,15.82
260230192,51,14.85,-2.21,16.31
260291252,51,14.85,-0.63,16.50
260352324,51,15.38,1.66,16.89
260413396,51,15.38,0.60,17.31
260474468,51,15.90,-1.85,17.71
260535544,51,15.90,-2.62,18.02
260596612,51,15.90,-2.62,18.34
260657696,51,16.52,-2.62,18.57
260718764,51,16.52,-2.10,19.04
260779824,51,17.07,-2.10,19.60
260840900,51,17.07,-2.10,19.82
260901972,51,17.58,-2.10,20.17
260963040,51,17.58,-2.10,20.51
261024124,51,18.10,-2.10,20.98
261085212,51,18.10,-2.10,21.37
261146268,51,18.69,-2.10,21.70
261207352,51,18.69,-2.10,22.09
261268412,51,18.69,-2.10,22.63
261329488,51,19.34,-2.10,22.65
261390552,51,19.34,-2.10,23.06
261451604,51,19.34,-2.10,23.31
261512660,51,19.34,-2.10,23.78
261573724,51,20.02,-2.10,24.16
261634764,51,20.02,-2.10,24.31
261695824,51,20.59,-2.10,24.88
261756892,51,20.59,-2.10,25.06
261817940,51,20.59,-2.10,25.48
261879016,51,21.32,-2.10,25.81
261940064,51,21.32,-2.10,26.14
262001132,51,21.32,-2.10,26.48
262062204,51,22.02,-2.10,26.90
262123260,51,22.02,-2.10,27.04
262184324,51,22.02,-2.10,27.30
262245392,51,22.79,-2.10,27.66
262306456,51,22.79,-2.10,27.89
262367528,51,22.79,-2.10,28.39
262428588,51,23.45,-2.10,28.63
262489656,51,23.45,-2.10,29.05
262550720,51,23.98,-2.10,29.33
262611784,51,23.98,-2.10,29.54
262672856,51,24.58,-2.10,29.91
262733924,51,24.58,-2.10,30.15
262794972,51,25.09,-2.10,30.40
262856040,51,25.09,-2.10,30.59
262917108,51,25.85,-2.10,30.83
262978176,51,25.85,-2.10,31.01
263039236,51,26.63,-2.10,31.23
263100288,51,26.63,-2.65,31.46
263161364,51,27.41,-2.65,31.59
263222436,51,27.41,-2.65,31.85
263283492,51,27.41,-2.65,31.93
263344568,51,28.18,-2.65,32.07
263405628,51,28.18,-2.65,32.42
263466676,51,28.71,-2.65,32.60
263527740,51,28.71,-2.65,32.87
263588804,51,28.71,-2.65,33.08
263649876,51,29.29,-2.65,33.31
263710936,51,29.29,-2.65,33.40
263771988,51,29.29,-2.65,33.52
263833056,51,29.98,-2.65,33.62
263894120,51,29.98,-2.65,33.81
263955180,51,29.98,-2.65,33.86
264016248,51,29.98,-2.65,34.08

























































324078208,64,25.72,-2.14,0.06
324142728,64,13.52,-2.14,0.04
324203776,64,4.86,-2.98,-0.00
324264824,64,4.18,-2.98,0.06
324325868,64,5.71,-2.98,0.14
324386924,64,6.50,-2.98,0.10
324447972,64,6.50,-2.98,0.04
324509024,64,6.50,-2.98,-0.07
324570084,64,6.50,-2.98,0.08
324631132,64,7.05,-2.98,-0.00
324692176,64,7.05,-2.98,0.08
324753216,64,7.05,-2.98,0.15
324814272,64,7.05,-2.98,0.03
324875316,64,7.05,-2.98,0.12
324936356,64,7.68,-2.98,0.07
324997416,64,7.68,-2.98,0.08
325058460,64,7.68,-2.98,0.07
325119516,64,8.33,-2.98,-0.01
325180564,64,8.33,-2.98,0.04
325241600,64,8.33,-2.98,0.44
325302656,64,8.96,-2.98,0.34
325363700,64,8.96,-2.98,0.57
325424756,64,8.96,-2.98,0.68
325485816,64,8.96,-2.98,0.94
325546852,64,8.96,-2.98,1.27
325607904,64,8.96,-2.98,1.54
325668952,64,8.96,-2.98,1.75
325729992,64,8.96,-2.48,2.06
325791056,64,9.49,-2.48,2.44
325852104,64,9.49,-2.48,2.58
325913168,64,9.49,-2.48,2.89
325974228,64,9.49,-2.48,3.15
326035268,64,9.49,-2.48,3.51
326096320,64,9.49,-2.48,3.91
326157364,64,9.49,-0.78,4.32
326218396,64,9.49,1.43,4.51
326279440,64,10.00,0.33,5.00
326340512,64,10.00,-2.06,5.26
326401584,64,10.00,-2.70,5.67
326462644,64,10.00,-2.70,5.99
326523692,64,10.00,-2.20,6.44
326584748,64,10.55,-2.20,6.64
326645780,64,10.55,-2.20,7.20
326706824,64,10.55,-2.20,7.72
326767884,64,10.55,-2.20,8.22
326828924,64,11.22,-2.20,8.72
326889984,64,11.22,-2.20,9.17
326951032,64,11.22,-2.20,9.66
327012080,64,11.79,-2.20,10.32
327073144,64,11.79,-2.20,10.97
327134204,64,12.34,-2.20,11.28
327195256,64,12.34,-2.20,12.01
327256328,64,12.34,-2.20,12.56
327317392,64,12.92,-2.20,13.15
327378472,64,12.92,-2.20,13.51
327439532,64,13.45,-2.20,14.10
327500600,64,13.45,-2.20,14.86
327561668,64,13.96,-2.20,15.29
327622732,64,13.96,-2.20,15.87
327683800,64,14.54,-2.20,16.43
327744860,64,14.54,-2.20,17.01
327805920,64,15.23,-2.20,17.59
327867000,64,15.23,-2.20,18.15
327928060,64,15.84,-2.20,18.69
327989120,64,15.84,-2.20,19.20
328050184,64,16.43,-2.20,19.94
328111252,64,16.43,-2.20,20.48
328172300,64,17.38,-2.20,20.89
328233372,64,17.38,-2.20,21.54
328294416,64,18.23,-2.20,21.99
328355468,64,18.23,-2.20,22.54
328416524,64,19.04,-2.20,23.34
328477564,64,19.04,-2.20,23.71
328538624,64,19.04,-2.20,24.29
328599688,64,19.79,-2.20,24.83
328660740,64,19.79,-2.20,25.59
328721796,64,20.54,-2.20,25.96
328782828,64,20.54,-2.20,26.59
328843896,64,21.45,-2.20,27.14
328904944,64,21.45,-2.20,27.72
328966000,64,22.28,-2.20,28.19
329027060,64,22.28,-2.20,28.57
329088108,64,23.09,-2.20,29.23
329149160,64,23.09,-2.20,29.78
329210232,64,23.87,-2.20,30.25
329271272,64,23.87,-2.20,30.57
329332344,64,24.75,-2.20,30.98
329393416,64,24.75,-2.20,31.40
329454468,64,25.73,-2.20,31.59
329515540,64,26.34,-2.74,31.99
329576612,64,26.88,-2.74,32.50
329637668,64,27.38,-2.74,32.95
329698740,64,27.38,-2.74,33.49
329759804,64,28.33,-2.74,33.58
329820864,64,28.33,-2.74,33.97
329881932,64,29.08,-2.74,34.28
329942996,64,29.08,-2.74,34.49
330004072,64,29.83,-2.74,34.69
330065140,64,29.83,-2.74,34.79

























































390127108,76,25.49,-2.74,0.05
390190472,76,13.24,-2.74,-0.04
390251516,76,4.38,-2.74,0.18
390312560,76,3.48,-2.74,-0.12
390373628,76,5.15,-2.74,0.06
390434660,76,6.27,-2.74,-0.02
390495728,76,6.27,-2.74,0.02
390556764,76,6.27,-2.74,-0.08
390617816,76,6.27,-2.74,0.06
390678864,76,6.88,-2.74,0.15
390739912,76,6.88,-2.74,-0.09
390800976,76,6.88,-2.74,-0.06
390862024,76,7.56,-2.74,-0.22
390923060,76,7.56,-2.74,-0.13
390984120,76,7.56,-2.74,0.01
391045152,76,8.25,-2.74,-0.02
391106208,76,8.25,-2.74,0.61
391167256,76,8.25,-2.74,0.74
391228308,76,8.85,-2.74,0.71
391289368,76,8.85,-2.74,0.76
391350420,76,8.85,-2.74,1.05
391411464,76,8.85,-2.74,1.67
391472524,76,8.85,-2.74,1.81
391533556,76,9.51,-2.74,2.27
391594616,76,9.51,-0.80,2.63
391655664,76,9.51,1.52,3.12
391716708,76,9.51,0.39,3.51
391777768,76,9.51,-2.18,3.87
391838848,76,9.51,-2.89,4.23
391899900,76,9.51,-2.89,4.68
391960964,76,9.51,-2.89,5.23
392022000,76,10.03,-2.35,5.70
392083064,76,10.03,-2.35,6.06
392144116,76,10.03,-2.35,6.57
392205172,76,10.03,-2.35,6.86
392266232,76,10.03,-2.35,7.47
392327292,76,10.67,-2.35,8.16
392388352,76,10.67,-2.35,8.95
392449436,76,10.67,-2.35,9.33
392510500,76,11.39,-2.35,10.17
392571572,76,11.39,-2.35,10.83
392632656,76,12.02,-2.35,11.53
392693712,76,12.02,-2.35,12.17
392754780,76,12.76,-2.35,12.99
392815864,76,12.76,-2.35,13.84
392876916,76,12.76,-2.35,14.59
392937996,76,13.40,-2.35,15.18
392999064,76,13.40,-2.35,15.98
393060124,76,14.31,-2.35,16.56
393121188,76,14.31,-2.35,17.44
393182244,76,15.09,-2.35,18.05
393243308,76,15.09,-2.35,18.73
393304380,76,16.00,-2.35,19.66
393365456,76,16.50,-2.35,20.40
393426516,76,16.50,-2.35,21.12
393487576,76,17.47,-2.35,21.91
393548652,76,18.08,-2.35,22.64
393609724,76,18.69,-2.35,23.38
393670800,76,18.69,-2.35,24.04
393731856,76,19.61,-2.35,24.98
393792932,76,19.61,-2.35,25.73
393853996,76,20.53,-2.35,26.56
393915056,76,21.07,-2.35,27.10
393976132,76,21.07,-2.35,27.86
394037188,76,21.97,-2.35,28.26
394098264,76,21.97,-2.35,29.02
394159328,76,22.99,-2.35,29.79
394220400,76,23.59,-2.35,30.44
394281460,76,24.18,-2.35,31.06
394342516,76,24.78,-2.35,31.54
394403580,76,25.41,-2.35,32.22
394464648,76,26.12,-2.35,32.68
394525716,76,26.81,-2.89,33.16
394586784,76,27.51,-2.89,33.52
394647852,76,28.20,-2.89,33.98
394708920,76,28.20,-2.89,34.42
394769980,76,28.97,-2.89,34.68
394831052,76,28.97,-2.89,34.81
























































454893024,89,25.23,-2.89,0.03
454952052,89,13.00,-2.89,-0.01
455013132,89,4.27,-2.89,0.17
455074168,89,3.63,-2.89,0.09
455135216,89,5.29,-2.89,0.01
455196264,89,6.14,-2.89,-0.17
455257316,89,6.14,-2.89,0.06
455318352,89,6.14,-2.89,0.12
455379408,89,6.14,-2.89,0.04
455440452,89,6.83,-2.89,0.02
455501500,89,6.83,-2.89,-0.07
455562560,89,7.47,-2.89,0.03
455623592,89,7.47,-2.89,-0.23
455684660,89,8.05,-2.89,-0.05
455745716,89,8.05,-2.89,0.52
455806760,89,8.05,-2.89,0.85
455867832,89,8.74,-2.89,0.72
455928888,89,8.74,-2.89,1.06
455989936,89,8.74,-2.89,1.51
456050992,89,8.74,-2.89,2.04
456112056,89,8.74,-2.89,2.30
456173124,89,8.74,-2.89,2.82
456234184,89,8.74,-2.89,3.35
456295236,89,9.28,-2.89,3.80
456356300,89,9.28,-2.89,4.28
456417364,89,9.28,-2.89,4.94
456478396,89,9.28,-2.35,5.39
456539444,89,9.83,-2.35,5.98
456600492,89,9.83,-2.35,6.41
456661532,89,9.83,-2.35,7.20
456722572,89,9.83,-2.35,7.78
456783612,89,10.55,-2.35,8.55
456844664,89,10.55,-2.35,9.26
456905704,89,11.15,-2.35,9.88
456966768,89,11.15,-2.35,10.80
457027828,89,11.79,-2.35,11.77
457088888,89,11.79,-2.35,12.69
457149956,89,12.40,-2.35,13.66
457211004,89,12.40,-2.35,14.68
457272060,89,13.27,-2.35,15.45
457333124,89,13.27,-2.35,16.47
457394172,89,14.14,-2.35,17.47
457455240,89,14.65,-2.35,18.23
457516300,89,15.29,-2.35,19.12
457577348,89,15.90,-2.35,19.99
457638432,89,16.46,-2.35,21.11
457699468,89,17.07,-2.35,22.10
457760520,89,17.72,-2.35,22.98
457821588,89,18.36,-2.35,23.91
457882640,89,18.95,-2.35,24.98
457943696,89,19.55,-2.35,26.02
458004748,89,20.11,-2.35,27.03
458065788,89,20.69,-2.35,28.03
458126860,89,21.46,-2.35,28.88
458187924,89,22.33,-2.35,29.90
458248972,89,23.09,-2.35,30.75
458310036,89,23.76,-2.35,31.49
458371096,89,24.49,-2.35,32.10
458432136,89,25.33,-2.35,32.93
458493204,89,26.17,-2.35,33.34
458554252,89,26.94,-2.35,33.94
458615324,89,27.79,-2.88,34.58
458676392,89,28.62,-2.88,35.04
458737436,89,29.30,-2.88,35.48
458798504,89,29.94,-2.88,35.67

























































518860484,102,25.62,-2.88,0.05
518920996,102,13.12,-2.88,0.11
518982056,102,4.25,-2.88,-0.08
519043116,102,3.64,-2.88,-0.06
519104168,102,5.33,-2.88,-0.12
519165228,102,6.22,-2.88,0.10
519226276,102,6.22,-2.88,-0.05
519287348,102,6.22,-2.88,0.01
519348400,102,6.22,-2.36,-0.05
519409456,102,7.02,-2.36,-0.04
519470516,102,7.02,-2.36,0.09
519531568,102,7.57,-2.36,-0.07
519592640,102,7.57,-2.36,-0.06
519653712,102,8.22,-2.36,0.09
519714752,102,8.22,-2.36,0.74
519775820,102,8.22,-2.36,1.07
519836884,102,8.72,-2.36,1.53
519897944,102,8.72,-2.36,2.01
519959024,102,8.72,-2.36,2.69
520020088,102,8.72,-2.36,3.27
520081140,102,8.72,-2.36,3.81
520142204,102,9.29,-2.36,4.26
520203248,102,9.29,-2.36,5.01
520264296,102,9.29,-2.36,5.64
520325356,102,9.29,-2.36,6.36
520386396,102,9.92,-2.36,7.00
520447460,102,9.92,-2.36,7.94
520508504,102,9.92,-2.36,9.00
520569548,102,10.66,-2.36,9.74
520630584,102,10.66,-2.36,10.95
520691612,102,11.54,-2.36,11.90
520752656,102,11.54,-2.36,13.12
520813704,102,12.48,-2.36,14.24
520874756,102,12.98,-2.36,15.42
520935816,102,13.48,-2.36,16.41
520996860,102,14.02,-2.36,17.52
521057908,102,14.60,-2.36,18.56
521118960,102,15.22,-2.36,19.82
521180008,102,15.88,-2.36,20.91
521241068,102,16.60,-2.36,21.97
521302116,102,17.42,-2.36,23.19
521363160,102,18.30,-2.36,24.60
521424224,102,19.11,-2.36,25.97
521485268,102,19.83,-2.36,27.32
521546320,102,20.59,-2.36,28.45
521607380,102,21.40,-2.36,29.44
521668428,102,22.24,-2.36,30.61
521729500,102,23.15,-2.36,31.63
521790572,102,24.08,-2.36,32.46
521851632,102,25.02,-2.36,33.34
521912700,102,26.09,-2.36,34.17
521973772,102,27.24,-2.36,34.53
522034836,102,28.31,-2.93,35.34
522095880,102,29.21,-2.93,35.93
522156928,102,29.98,-2.93,36.20

























































582218896,115,25.62,-2.93,-0.02
582273640,115,12.96,-2.93,-0.03
582334700,115,3.97,-2.93,0.09
582395728,115,3.44,-2.93,0.09
582456784,115,5.33,-2.93,-0.12
582517840,115,6.32,-2.93,-0.02
582578888,115,6.32,-2.93,-0.09
582639948,115,6.32,-2.93,0.17
582700996,115,7.11,-2.93,0.18
582762056,115,7.11,-2.93,-0.07
582823120,115,7.74,-2.93,0.16
582884168,115,7.74,-2.93,0.15
582945228,115,8.53,-2.93,0.62
583006292,115,8.53,-2.93,1.17
583067348,115,8.53,-2.93,1.79
583128412,115,8.53,-2.93,2.24
583189464,115,8.53,-2.93,3.17
583250528,115,8.53,-2.93,3.51
583311588,115,9.13,-2.93,4.52
583372640,115,9.13,-2.33,5.03
583433700,115,9.13,-2.33,5.82
583494760,115,9.67,-2.33,6.76
583555820,115,9.67,-2.33,7.76
583616880,115,9.67,-2.33,8.72
583677928,115,10.52,-2.33,9.70
583738996,115,10.52,-2.33,10.99
583800052,115,11.45,-2.33,11.98
583861104,115,11.45,-2.33,13.09
583922164,115,12.42,-2.33,14.47
583983208,115,13.01,-2.33,15.83
584044260,115,13.62,-2.33,17.34
584105320,115,14.25,-2.33,18.61
584166364,115,14.97,-2.33,19.81
584227432,115,15.75,-2.33,21.37
584288472,115,16.56,-2.33,22.68
584349524,115,17.51,-2.33,24.14
584410576,115,18.62,-2.33,25.54
584471628,115,19.63,-0.73,27.22
584532672,115,20.46,1.57,28.33
584593712,115,21.35,0.45,29.70
584654764,115,22.31,-2.11,31.12
584715832,115,23.27,-2.89,32.21
584776896,115,24.25,-2.89,33.01
584837944,115,25.33,-2.89,33.97
584899012,115,26.57,-2.89,34.80
584960068,115,27.90,-2.89,35.65
585021108,115,29.17,-2.89,36.28

























































645083092,127,25.55,-2.89,0.09
645147676,127,13.09,-2.89,0.13
645208712,127,4.22,-2.89,0.04
645269740,127,3.68,-2.89,0.05
645330784,127,5.45,-2.89,0.06
645391824,127,6.38,-2.89,0.09
645452872,127,6.38,-2.89,0.12
645513908,127,6.90,-2.89,0.16
645574952,127,6.90,-2.89,0.03
645635984,127,7.45,-2.89,0.03
645697036,127,7.45,-2.89,0.26
645758088,127,8.36,-2.89,0.59
645819144,127,8.36,-2.89,1.32
645880200,127,8.36,-2.89,2.09
645941260,127,8.36,-2.89,2.71
646002312,127,8.90,-2.89,3.57
646063372,127,8.90,-2.89,4.20
646124396,127,8.90,-2.36,4.95
646185440,127,9.55,-2.36,5.96
646246468,127,9.55,-2.36,6.91
646307500,127,9.55,-2.36,7.99
646368560,127,10.24,-2.36,9.19
646429608,127,10.24,-2.36,10.45
646490680,127,11.11,-2.36,11.74
646551744,127,11.11,-2.36,13.39
646612796,127,12.19,-2.36,14.84
646673872,127,12.92,-2.36,16.46
646734932,127,13.66,-2.36,17.94
646795988,127,14.38,-2.36,19.60
646857052,127,15.17,-0.74,21.04
646918092,127,16.13,1.45,22.68
646979148,127,17.28,0.36,24.18
647040196,127,18.49,-2.06,25.76
647101260,127,19.58,-2.74,27.49
647162312,127,20.56,-2.74,28.98
647223352,127,21.59,-2.74,30.51
647284392,127,22.65,-2.74,32.04
647345436,127,23.74,-2.74,33.19
647406496,127,24.98,-2.74,34.29
647467564,127,26.40,-2.74,35.27
647528612,127,27.86,-2.74,36.04
647589656,127,29.28,-2.74,36.76




