Two axis displacement sensor detected
Tareing....
time(us),power(pwm/255),position(deg),force(grams)
199264,25,0.00,-0.66,0.26
260888,25,1.20,-2.20,0.10
321980,25,1.79,-3.20,0.04
383024,25,1.79,-3.20,0.20
444052,25,1.79,-3.20,0.02
505100,25,1.79,-3.20,0.29
566136,25,1.79,-3.20,0.03
627172,25,1.79,-3.20,0.11
688216,25,1.79,-3.20,0.14
749252,25,1.79,-3.20,0.05
810292,25,1.79,-3.20,0.12
871308,25,1.79,-3.20,0.23
932352,25,1.79,-3.20,0.21
993388,25,1.79,-3.20,0.35
1054428,25,1.79,-3.20,0.30
1115500,25,1.79,-3.20,0.37
1176544,25,1.79,-3.20,0.44
1237588,25,1.79,-3.20,0.40
1298644,25,1.79,-3.20,0.47
1359672,25,1.79,-3.20,0.45
1420712,25,1.79,-3.20,0.56
1481748,25,1.79,-3.20,0.63
1542776,25,1.79,-3.20,0.57
1603824,25,1.79,-3.20,0.74
1664860,25,1.79,-3.20,0.67
1725904,25,1.79,-3.20,0.83
1786940,25,1.79,-3.20,0.74
1847972,25,1.79,-3.20,1.06
1909012,25,1.79,-3.20,0.92
1970044,25,1.79,-3.20,0.97
2031096,25,1.79,-3.20,1.14
2092128,25,1.79,-3.20,1.00
2153148,25,1.79,-3.20,1.03
2214192,25,1.79,-3.20,1.14
2275228,25,1.79,-3.20,1.39
2336280,25,1.79,-3.20,1.27
2397320,25,1.79,-3.20,1.30
2458344,25,1.79,-3.20,1.57
2519400,25,1.79,-3.20,1.53
2580432,25,1.79,-3.20,1.53
2641472,25,1.79,-3.20,1.72
2702524,25,1.79,-3.20,1.60
2763560,25,1.79,-3.20,1.76
2824600,25,1.79,-3.20,1.78
2885648,25,1.79,-3.20,1.89
2946672,25,1.79,-3.20,1.81
3007720,25,1.79,-3.20,1.91
3068752,25,1.79,-3.20,1.93
3129796,25,1.79,-3.20,1.96
3190840,25,1.79,-3.20,1.90
3251876,25,1.79,-3.20,1.94
3312916,25,1.79,-3.20,1.99
3373948,25,1.79,-3.20,2.08
3434996,25,1.79,-3.20,2.16
3496028,25,1.79,-3.20,2.18
3557060,25,1.79,-3.20,2.32
3618092,25,1.79,-3.20,2.32
3679112,25,1.79,-3.20,2.29
3740140,25,1.79,-3.20,2.39
3801172,25,1.79,-3.20,2.46
3862192,25,1.79,-3.20,2.39
3923228,25,1.79,-3.20,2.31
3984252,25,1.79,-3.20,2.51
4045296,25,1.79,-3.20,2.54
4106332,25,1.79,-3.20,2.47
4167364,25,1.79,-3.20,2.50
4228416,25,2.33,-3.20,2.53
4289448,25,2.33,-3.20,2.74
4350500,25,2.33,-3.20,2.64
4411540,25,2.33,-3.20,2.74
4472572,25,2.33,-3.20,2.87
4533628,25,2.33,-3.20,2.74
4594656,25,2.33,-3.20,2.96
4655708,25,2.33,-3.20,2.86
4716748,25,2.33,-3.20,2.98
4777780,25,2.33,-3.20,2.99
4838808,25,2.33,-3.20,2.95
4899832,25,2.33,-3.20,2.97
4960864,25,2.33,-3.20,3.10
5021900,25,2.33,-3.20,2.96
5082920,25,2.33,-3.20,3.16
5143944,25,2.33,-3.20,2.96
5204972,25,2.33,-3.20,3.23
5266000,25,2.33,-3.20,3.26
5327020,25,2.33,-3.20,3.24
5388028,25,2.33,-3.20,3.08
5449052,25,2.33,-3.20,3.23
5510064,25,2.33,-3.20,3.35
5571084,25,2.33,-3.20,3.47
5632100,25,2.33,-3.20,3.43
5693104,25,2.33,-3.20,3.33
5754132,25,2.33,-3.20,3.49
5815144,25,2.33,-3.20,3.46
5876168,25,2.33,-3.20,3.51
5937188,25,2.33,-3.20,3.51
5998216,25,2.33,-3.20,3.66
6059256,25,2.33,-3.20,3.72
6120272,25,2.33,-3.20,3.73
6181312,25,2.33,-3.20,3.73
6242356,25,2.33,-3.20,3.73
6303392,25,2.33,-3.20,3.77
6364440,25,2.33,-3.20,3.82
6425468,25,2.33,-3.20,3.73
6486520,25,2.33,-3.20,3.89
6547564,25,2.33,-3.20,3.83
6608596,25,2.33,-3.20,4.00
6669640,25,2.33,-3.20,3.95
6730688,25,2.33,-3.20,3.79
6791736,25,2.33,-3.20,4.07
6852772,25,2.33,-3.20,4.08
6913808,25,2.33,-2.66,4.03
6974852,25,2.33,-2.66,4.01
7035888,25,2.33,-2.66,4.17
7096940,25,2.33,-2.66,4.07
7157988,25,2.33,-2.66,4.23
7219024,25,2.33,-2.66,4.23
7280080,25,2.33,-2.66,4.18
7341124,25,2.33,-2.66,4.26
7402164,25,2.33,-2.66,4.39
7463204,25,2.33,-2.66,4.22
7524220,25,2.33,-2.66,4.16
7585268,25,2.33,-2.66,4.42
7646312,25,2.33,-2.66,4.46
7707336,25,2.33,-2.66,4.50
7768372,25,2.33,-2.66,4.31
7829388,25,2.33,-2.66,4.46
7890424,25,2.33,-2.66,4.64
7951448,25,2.33,-2.66,4.62
8012468,25,2.33,-2.66,4.44
8073504,25,2.33,-2.66,4.78
8134532,25,2.33,-2.66,4.57
8195560,25,2.33,-2.66,4.85
8256592,25,2.33,-2.66,4.80
8317616,25,2.33,-2.66,4.79
8378656,25,2.86,-2.66,4.83
8439672,25,2.86,-2.66,4.90
8500704,25,2.86,-2.66,4.99
8561756,25,2.86,-2.66,4.90
8622788,25,2.86,-2.66,5.06
8683836,25,2.86,-2.66,5.13
8744876,25,2.86,-2.66,5.00
8805924,25,2.86,-2.66,4.91
8866968,25,2.86,-2.66,5.05
8928004,25,2.86,-2.66,5.09
8989056,25,2.86,-2.66,5.04
9050088,25,2.86,-2.66,5.11
9111128,25,2.86,-2.66,5.24
9172176,25,2.86,-2.66,5.23
9233204,25,2.86,-2.66,5.21
9294232,25,2.86,-2.66,5.29
9355256,25,2.86,-2.66,5.44
9416292,25,2.86,-2.66,5.44
9477324,25,2.86,-2.66,5.48
9538344,25,2.86,-2.66,5.56
9599392,25,2.86,-2.66,5.51
9660432,25,2.86,-2.66,5.58
9721472,25,2.86,-2.66,5.66
9782520,25,2.86,-2.66,5.58
9843548,25,2.86,-2.66,5.70
9904596,25,2.86,-2.66,5.66
9965636,25,2.86,-2.66,5.79
10026672,25,2.86,-2.66,5.75
10087752,25,2.86,-2.66,5.73
10148788,25,2.86,-2.66,5.85
10209840,25,2.86,-2.66,6.04
10270876,25,2.86,-2.66,5.84
10331908,25,2.86,-2.66,6.04
10392956,25,2.86,-2.66,5.88
10454000,25,2.86,-2.66,6.04
10515028,25,2.86,-2.66,5.96
10576084,25,2.86,-2.66,6.00
10637128,25,2.86,-2.66,6.26
10698168,25,2.86,-2.66,5.89
10759212,25,2.86,-2.66,6.18
10820236,25,2.86,-2.66,6.14
10881288,25,2.86,-2.66,6.23
10942320,25,2.86,-2.66,6.14
11003360,25,2.86,-2.66,6.24
11064400,25,2.86,-2.66,6.31
11125440,25,2.86,-2.66,6.27
11186484,25,2.86,-2.66,6.31
11247520,25,2.86,-2.66,6.42
11308560,25,2.86,-2.66,6.44
11369604,25,2.86,-2.66,6.58
11430640,25,2.86,-2.66,6.44
11491680,25,3.42,-2.66,6.65
11552700,25,3.42,-2.66,6.55
11613736,25,3.42,-2.66,6.68
11674756,25,3.42,-2.66,6.70
11735784,25,3.42,-2.66,6.75
11796844,25,3.42,-2.66,6.88
11857876,25,3.42,-2.66,6.78
11918932,25,3.42,-2.66,6.67
11979968,25,3.42,-2.66,6.95
12041004,25,3.42,-2.11,6.87
12102044,25,3.42,-2.11,6.96
12163088,25,3.42,-2.11,6.73
12224116,25,3.42,-2.11,7.03
12285164,25,3.42,-2.11,6.98
12346204,25,3.42,-2.11,6.98
12407256,25,3.42,-2.11,7.09
12468300,25,3.42,-2.11,7.11
12529332,25,3.42,-2.11,7.02
12590388,25,3.42,-2.11,7.17
12651432,25,3.42,-2.11,7.18
12712488,25,3.42,-2.11,7.25
12773528,25,3.42,-2.11,7.28
12834568,25,3.42,-2.11,7.37
12895612,25,3.42,-2.11,7.29
12956652,25,3.42,-2.11,7.34
13017688,25,3.42,-2.11,7.46
13078736,25,3.42,-2.11,7.50
13139768,25,3.42,-2.11,7.43
13200808,25,3.42,-2.11,7.25
13261856,25,3.42,-2.11,7.54
13322896,25,3.42,-2.11,7.57
13383928,25,3.42,-2.11,7.45
13444948,25,3.42,-2.11,7.65
13505988,25,3.42,-2.11,7.63
13567012,25,3.42,-2.11,7.78
13628036,25,3.42,-2.11,7.63
13689048,25,3.42,-2.11,7.75
13750064,25,3.94,-2.11,7.60
13811092,25,3.94,-2.11,7.73
13872100,25,3.94,-2.11,7.83
13933124,25,3.94,-2.11,7.78
13994136,25,3.94,-2.11,7.88
14055144,25,3.94,-2.11,7.88
14116168,25,3.94,-2.11,7.95
14177188,25,3.94,-2.11,7.90
14238224,25,3.94,-2.11,7.91
14299260,25,3.94,-2.11,7.93
14360292,25,3.94,-2.11,7.94
14421336,25,3.94,-2.11,8.02
14482352,25,3.94,-2.11,8.05
14543396,25,3.94,-2.11,8.14
14604428,25,3.94,-2.11,8.12
14665460,25,3.94,-2.11,8.15
14726508,25,3.94,-2.11,8.25
14787552,25,3.94,-2.11,8.24
14848604,25,3.94,-2.11,8.37
14909656,25,3.94,-2.11,8.33
14970688,25,3.94,-2.11,8.35
15031740,25,3.94,-2.11,8.52
15092776,25,3.94,-2.11,8.31
15153804,25,3.94,-2.11,8.50
15214860,25,3.94,-2.11,8.50
15275884,25,3.94,-2.11,8.57
15336936,25,3.94,-2.11,8.52
15397976,25,3.94,-2.11,8.48
15459016,25,3.94,-2.11,8.52
15520060,25,3.94,-2.11,8.47
15581092,25,3.94,-2.11,8.59
15642136,25,3.94,-2.11,8.71
15703164,25,3.94,-2.11,8.69
15764188,25,3.94,-2.11,8.79
15825224,25,3.94,-2.11,8.75
15886240,25,3.94,-2.11,8.89
15947276,25,3.94,-2.11,8.81
16008304,25,3.94,-2.11,9.04
16069320,25,3.94,-2.11,8.96
16130368,25,3.94,-2.11,9.01
16191376,25,3.94,-2.11,8.99
16252428,25,3.94,-2.11,8.82
16313464,25,3.94,-2.11,9.04
16374500,25,3.94,-2.11,9.15
16435560,25,3.94,-2.11,9.01
16496600,25,3.94,-2.11,9.30
16557660,25,3.94,-2.11,9.25
16618708,25,3.94,-2.11,9.20
16679744,25,3.94,-2.11,9.20
16740808,25,3.94,-2.11,9.26
16801860,25,3.94,-2.11,9.28
16862908,25,3.94,-2.11,9.38
16923964,25,3.94,-2.11,9.51
16985004,25,3.94,-2.11,9.50
17046064,25,3.94,-2.11,9.49
17107112,25,3.94,-2.11,9.57
17168152,25,4.47,-2.11,9.59
17229204,25,4.47,-2.11,9.76
17290256,25,4.47,-0.59,9.50
17351292,25,4.47,1.72,9.59
17412336,25,4.47,0.66,9.55
17473384,25,4.47,-1.88,9.63
17534444,25,4.47,-2.69,9.82
17595512,25,4.47,-2.69,9.61
17656552,25,4.47,-2.69,9.94
17717604,25,4.47,-2.19,9.76
17778644,25,4.47,-2.19,9.82
17839688,25,4.47,-2.19,9.90
17900724,25,4.47,-2.19,9.92
17961740,25,4.47,-2.19,9.97
18022788,25,4.47,-2.19,10.09
18083808,25,4.47,-2.19,10.17
18144848,25,4.47,-2.19,10.11
18205868,25,4.47,-2.19,10.06
18266896,25,4.47,-2.19,10.07
18327928,25,4.47,-2.19,10.08
18388936,25,4.47,-2.19,10.15
18449964,25,4.47,-2.19,10.19
18510976,25,4.47,-2.19,10.25
18571992,25,4.47,-2.19,10.42
18633016,25,4.47,-2.19,10.43
18694024,25,4.47,-2.19,10.39
18755060,25,4.47,-2.19,10.37
18816100,25,4.47,-2.19,10.43
18877124,25,4.47,-2.19,10.45
18938164,25,4.47,-2.19,10.52
18999184,25,4.47,-2.19,10.54
19060224,25,4.47,-2.19,10.49
19121252,25,4.47,-2.19,10.56
19182276,25,4.47,-2.19,10.52
19243316,25,4.47,-2.19,10.56
19304352,25,4.47,-2.19,10.74
19365396,25,4.47,-2.19,10.67
19426436,25,4.99,-2.19,10.61
19487484,25,4.99,-2.19,10.81
19548528,25,4.99,-2.19,10.73
19609568,25,4.99,-2.19,10.95
19670624,25,4.99,-2.19,10.78
19731660,25,4.99,-2.19,10.95
19792696,25,4.99,-2.19,11.00
19853756,25,4.99,-2.19,10.96
19914792,25,4.99,-2.19,11.10
19975824,25,4.99,-2.19,11.05
20036876,25,4.99,-2.19,11.17
20097908,25,4.99,-2.19,11.03
20158932,25,4.99,-2.19,11.15
20219960,25,4.99,-2.19,11.18
20280972,25,4.99,-2.19,11.11
20341980,25,4.99,-2.19,11.31
20402992,25,4.99,-2.19,11.33
20464024,25,4.99,-2.19,11.28
20525060,25,4.99,-2.19,11.29
20586088,25,4.99,-2.19,11.27
20647128,25,4.99,-2.19,11.41
20708152,25,4.99,-2.19,11.47
20769200,25,4.99,-2.19,11.33
20830248,25,4.99,-2.19,11.47
20891292,25,4.99,-2.19,11.46
20952344,25,4.99,-2.19,11.53
21013384,25,4.99,-2.19,11.73
21074436,25,4.99,-2.19,11.72
21135472,25,4.99,-2.19,11.52
21196500,25,4.99,-2.19,11.68
21257544,25,4.99,-2.19,11.58
21318572,25,4.99,-2.19,11.78
21379608,25,4.99,-2.19,11.88
21440648,25,4.99,-2.19,11.70
21501676,25,4.99,-2.19,11.70
21562716,25,4.99,-2.19,11.92
21623744,25,4.99,-2.19,11.79
21684788,25,4.99,-2.19,11.78
21745816,25,5.51,-2.19,11.89
21806840,25,5.51,-2.19,11.94
21867888,25,5.51,-2.19,11.84
21928916,25,5.51,-2.19,11.96
21989964,25,5.51,-2.19,11.90
22050996,25,5.51,-2.19,12.13
22112036,25,5.51,-2.19,12.23
22173088,25,5.51,-2.19,12.08
22234136,25,5.51,-2.19,12.10
22295176,25,5.51,-2.19,12.09
22356228,25,5.51,-2.19,12.15
22417264,25,5.51,-2.19,12.21
22478312,25,5.51,-2.19,12.30
22539356,25,5.51,-2.19,12.35
22600408,25,5.51,-2.19,12.26
22661456,25,5.51,-2.19,12.28
22722500,25,5.51,-2.19,12.30
22783560,25,5.51,-2.19,12.46
22844604,25,5.51,-2.19,12.43
22905640,25,5.51,-2.19,12.38
22966696,25,5.51,-2.19,12.54
23027740,25,5.51,-2.19,12.65
23088788,25,5.51,-2.19,12.58
23149844,25,5.51,-2.19,12.53
23210880,25,5.51,-2.19,12.46
23271936,25,5.51,-2.19,12.56
23332980,25,5.51,-2.19,12.65
23394008,25,5.51,-2.19,12.66
23455056,25,5.51,-2.19,12.75
23516084,25,5.51,-2.19,12.71
23577128,25,5.51,-2.19,12.81
23638160,25,5.51,-2.19,12.83
23699184,25,5.51,-2.19,12.89
23760228,25,6.04,-2.19,12.86
23821256,25,6.04,-2.19,12.80
23882300,25,6.04,-2.19,12.81
23943328,25,6.04,-2.19,12.88
24004352,25,6.04,-2.19,12.96
24065392,25,6.04,-2.19,12.97
24126436,25,6.04,-2.19,13.03
24187480,25,6.04,-2.19,12.95
24248536,25,6.04,-2.19,13.14
24309576,25,6.04,-2.19,12.92
24370640,25,6.04,-2.19,13.16
24431680,25,6.04,-2.19,13.15
24492716,25,6.04,-2.19,13.21
24553752,25,6.04,-2.19,13.20
24614788,25,6.04,-2.19,13.26
24675824,25,6.04,-2.19,13.26
24736860,25,6.04,-2.19,13.28
24797888,25,6.04,-2.19,13.18
24858936,25,6.04,-2.19,13.38
24919968,25,6.04,-2.19,13.36
24981012,25,6.04,-2.19,13.34
25042056,25,6.04,-2.19,13.26
25103088,25,6.04,-2.19,13.32
25164128,25,6.04,-2.19,13.22
25225168,25,6.04,-2.19,13.40
25286232,25,6.04,-2.19,13.43
25347268,25,6.04,-2.19,13.48
25408316,25,6.04,-2.19,13.45
25469364,25,6.04,-2.19,13.52
25530412,25,6.04,-2.19,13.51
25591456,25,6.04,-2.19,13.65
25652520,25,6.04,-2.19,13.60
25713564,25,6.04,-2.19,13.66
25774624,25,6.04,-2.19,13.59
25835668,25,6.57,-2.19,13.73
25896712,25,6.57,-2.19,13.78
25957752,25,6.57,-2.19,13.72
26018776,25,6.57,-2.19,13.65
26079816,25,6.57,-2.19,13.66
26140852,25,6.57,-2.19,13.96
26201880,25,6.57,-2.19,14.03
26262912,25,6.57,-2.19,13.88
26323944,25,6.57,-2.19,13.94
26384988,25,6.57,-2.19,13.91
26446016,25,6.57,-2.19,13.91
26507044,25,6.57,-2.19,13.79
26568092,25,6.57,-2.19,14.00
26629124,25,6.57,-2.19,14.00
26690152,25,6.57,-2.19,14.03
26751192,25,6.57,-2.19,14.10
26812236,25,6.57,-2.19,14.01
26873272,25,6.57,-2.19,14.08
26934320,25,6.57,-2.19,14.14
26995344,25,6.57,-2.19,14.00
27056404,25,6.57,-2.19,14.09
27117424,25,6.57,-2.19,14.09
27178472,25,6.57,-2.19,14.30
27239508,25,6.57,-2.19,14.23
27300540,25,6.57,-2.19,14.35
27361588,25,6.57,-2.19,14.29
27422632,25,6.57,-2.19,14.53
27483676,25,6.57,-2.19,14.21
27544716,25,6.57,-2.19,14.17
27605748,25,6.57,-2.19,14.51
27666792,25,6.57,-2.19,14.45
27727832,25,6.57,-2.19,14.48
27788880,25,6.57,-2.19,14.46
27849920,25,6.57,-2.19,14.58
27910956,25,6.57,-2.19,14.54
27972000,25,6.57,-2.19,14.55
28033044,25,6.57,-2.19,14.34
28094084,25,6.57,-2.19,14.54
28155136,25,6.57,-2.19,14.63
28216176,25,6.57,-2.19,14.59
28277216,25,6.57,-2.19,14.61
28338248,25,6.57,-2.19,14.54
28399272,25,6.57,-2.19,14.63
28460308,25,6.57,-2.19,14.82
28521328,25,6.57,-2.19,14.80
28582356,25,7.08,-2.19,14.81
28643384,25,7.08,-2.19,14.88
28704404,25,7.08,-2.19,14.87
28765444,25,7.08,-2.19,14.95
28826460,25,7.08,-2.19,14.88
28887496,25,7.08,-2.19,14.78
28948528,25,7.08,-2.19,14.85
29009552,25,7.08,-2.19,15.01
29070580,25,7.08,-2.19,14.95
29131608,25,7.08,-2.19,14.94
29192636,25,7.08,-2.19,14.99
29253672,25,7.08,-2.19,14.96
29314688,25,7.08,-2.19,14.98
29375720,25,7.08,-2.19,15.16
29436744,25,7.08,-2.19,14.91
29497788,25,7.08,-2.19,15.08
29558828,25,7.08,-2.19,15.07
29619860,25,7.08,-2.19,15.09
29680912,25,7.08,-2.19,15.15
29741940,25,7.08,-2.19,15.20
29802980,25,7.08,-2.19,15.11
29864004,25,7.08,-2.19,15.28
29925028,25,7.08,-2.19,15.04
29986060,25,7.08,-2.19,15.18
30047088,25,7.08,-2.19,15.33
30108124,25,7.08,-2.19,15.28
30169164,25,7.08,-2.19,15.41
30230196,25,7.08,-2.19,15.34
30291248,25,7.08,-2.19,15.34
30352288,25,7.08,-2.19,15.48
30413344,25,7.08,-2.19,15.42
30474380,25,7.08,-2.19,15.34
30535420,25,7.08,-2.19,15.42
30596468,25,7.08,-2.19,15.45
30657504,25,7.08,-2.19,15.37
30718556,25,7.08,-2.19,15.45
30779604,25,7.08,-2.19,15.62
30840640,25,7.08,-2.19,15.62
30901692,25,7.08,-2.19,15.46
30962740,25,7.08,-2.19,15.55
31023780,25,7.08,-2.19,15.65
31084828,25,7.08,-2.19,15.56
31145864,25,7.08,-2.19,15.64
31206912,25,7.08,-2.19,15.65
31267948,25,7.08,-2.19,15.65
31328988,25,7.08,-2.19,15.95
31390032,25,7.08,-2.19,15.79
31451068,25,7.08,-2.19,15.89
31512112,25,7.63,-2.19,15.74
31573152,25,7.63,-2.19,15.87
31634188,25,7.63,-2.19,15.93
31695244,25,7.63,-2.19,15.86
31756276,25,7.63,-2.19,15.89
31817320,25,7.63,-2.19,15.81
31878364,25,7.63,-2.19,16.03
31939392,25,7.63,-2.19,15.95
32000448,25,7.63,-2.19,16.05
32061476,25,7.63,-2.19,16.14
32122516,25,7.63,-2.19,15.90
32183580,25,7.63,-2.19,15.98
32244616,25,7.63,-2.19,16.07
32305660,25,7.63,-2.19,16.06
32366708,25,7.63,-2.19,16.09
32427756,25,7.63,-2.19,16.23
32488804,25,7.63,-2.19,16.02
32549848,25,7.63,-2.19,16.27
32610904,25,7.63,-2.19,16.17
32671944,25,7.63,-2.19,16.32
32732976,25,7.63,-2.19,16.24
32794032,25,7.63,-2.19,16.27
32855080,25,7.63,-2.19,16.36
32916116,25,7.63,-2.19,16.27
32977172,25,7.63,-2.19,16.25
33038208,25,7.63,-2.19,16.34
33099260,25,7.63,-2.19,16.39
33160312,25,7.63,-2.19,16.38
33221356,25,7.63,-2.19,16.47
33282412,25,7.63,-2.19,16.40
33343456,25,7.63,-2.19,16.54
33404516,25,7.63,-2.19,16.50
33465564,25,7.63,-2.19,16.60
33526612,25,7.63,-2.19,16.57
33587672,25,7.63,-2.19,16.46
33648712,25,7.63,-2.19,16.76
33709764,25,7.63,-2.19,16.41
33770816,25,7.63,-2.19,16.64
33831860,25,7.63,-2.19,16.66
33892912,25,7.63,-2.19,16.68
33953964,25,8.17,-2.19,16.59
34015012,25,8.17,-2.19,16.70
34076064,25,8.17,-2.19,16.72
34137104,25,8.17,-2.19,16.80
34198148,25,8.17,-2.19,16.70
34259212,25,8.17,-2.19,16.77
34320252,25,8.17,-2.19,16.74
34381308,25,8.17,-2.19,16.82
34442352,25,8.17,-2.19,16.83
34503400,25,8.17,-2.19,16.88
34564452,25,8.17,-2.19,17.05
34625488,25,8.17,-2.19,16.96
34686548,25,8.17,-2.19,16.84
34747592,25,8.17,-2.19,16.99
34808640,25,8.17,-2.19,16.92
34869692,25,8.17,-2.19,16.98
34930744,25,8.17,-2.19,16.97
34991776,25,8.17,-2.19,17.14
35052832,25,8.17,-2.19,17.12
35113876,25,8.17,-2.19,17.05
35174928,25,8.17,-2.19,17.17
35235984,25,8.17,-2.19,17.25
35297024,25,8.17,-2.19,17.20
35358076,25,8.17,-2.19,17.16
35419124,25,8.17,-2.19,17.19
35480176,25,8.17,-2.19,17.10
35541228,25,8.17,-2.19,17.20
35602276,25,8.17,-2.19,17.29
35663332,25,8.17,-2.19,17.31
35724368,25,8.17,-2.19,17.24
35785404,25,8.17,-2.19,17.32
35846464,25,8.17,-2.19,17.31
35907512,25,8.17,-2.19,17.26
35968572,25,8.17,-2.19,17.51
36029616,25,8.17,-2.19,17.48
36090664,25,8.17,-2.19,17.38
36151720,25,8.17,-2.19,17.52
36212768,25,8.17,-2.19,17.35
36273812,25,8.17,-2.19,17.52
36334872,25,8.17,-2.19,17.38
36395916,25,8.17,-2.19,17.58
36456972,25,8.17,-2.19,17.60
36518012,25,8.17,-2.19,17.66
36579048,25,8.71,-2.19,17.58
36640108,25,8.71,-2.19,17.57
36701144,25,8.71,-2.19,17.49
36762200,25,8.71,-2.19,17.67
36823252,25,8.71,-2.19,17.59
36884292,25,8.71,-2.19,17.74
36945328,25,8.71,-2.19,17.69
37006372,25,8.71,-2.19,17.81
37067404,25,8.71,-2.19,17.62
37128452,25,8.71,-2.19,17.78
37189484,25,8.71,-2.19,17.75
37250528,25,8.71,-2.19,17.75
37311568,25,8.71,-2.19,17.75
37372600,25,8.71,-2.19,17.71
37433648,25,8.71,-2.19,17.74
37494684,25,8.71,-2.19,17.92
37555728,25,8.71,-2.19,17.91
37616776,25,8.71,-2.19,18.03
37677812,25,8.71,-2.19,18.04
37738860,25,8.71,-2.19,17.85
37799908,25,8.71,-2.19,17.94
37860952,25,8.71,-2.19,17.83
37921988,25,8.71,-2.19,17.95
37983028,25,8.71,-2.19,17.99
38044072,25,8.71,-2.19,17.96
38105112,25,8.71,-2.19,17.96
38166148,25,8.71,-2.19,18.09
38227196,25,8.71,-2.19,18.07
38288232,25,8.71,-2.19,18.02
38349272,25,8.71,-2.19,18.21
38410316,25,8.71,-2.19,17.97
38471356,25,8.71,-2.19,18.06
38532412,25,8.71,-2.19,17.99
38593448,25,8.71,-2.19,18.10
38654492,25,8.71,-2.19,18.23
38715540,25,8.71,-2.19,18.08
38776572,25,8.71,-2.19,18.29
38837624,25,8.71,-2.19,18.11
38898652,25,8.71,-2.19,18.14
38959700,25,8.71,-2.19,18.18
39020748,25,8.71,-2.19,18.36
39081784,25,8.71,-2.19,18.44
39142836,25,9.25,-2.19,18.41
39203876,25,9.25,-2.19,18.46
39264916,25,9.25,-2.19,18.19
39325956,25,9.25,-2.19,18.41
39386984,25,9.25,-2.19,18.47
39448016,25,9.25,-2.19,18.53
39509044,25,9.25,-2.19,18.39
39570060,25,9.25,-2.19,18.43
39631092,25,9.25,-2.19,18.53
39692120,25,9.25,-2.19,18.36
39753156,25,9.25,-2.19,18.51
39814180,25,9.25,-2.19,18.53
39875200,25,9.25,-2.19,18.60
39936232,25,9.25,-2.19,18.49
39997264,25,9.25,-2.19,18.66
40058296,25,9.25,-2.19,18.61
40119320,25,9.25,-2.19,18.65
40180348,25,9.25,-2.19,18.64
40241384,25,9.25,-2.19,18.72
40302420,25,9.25,-2.19,18.65
40363476,25,9.25,-2.19,18.71
40424524,25,9.25,-2.19,18.71
40485560,25,9.25,-2.19,18.75
40546612,25,9.25,-2.19,18.81
40607628,25,9.25,-2.19,18.76
40668660,25,9.25,-2.19,18.73
40729692,25,9.25,-2.19,18.74
40790712,25,9.25,-2.19,18.91
40851752,25,9.25,-2.19,18.68
40912788,25,9.25,-2.19,18.80
40973828,25,9.25,-2.19,18.89
41034856,25,9.25,-2.19,19.00
41095872,25,9.25,-2.19,18.77
41156924,25,9.25,-2.19,18.97
41217964,25,9.25,-2.19,18.96
41279012,25,9.25,-2.19,18.99
41340056,25,9.25,-2.19,18.98
41401092,25,9.25,-2.19,18.96
41462132,25,9.25,-2.19,19.06
41523156,25,9.25,-2.19,18.91
41584212,25,9.25,-2.19,19.00
41645252,25,9.25,-2.19,19.11
41706284,25,9.25,-2.19,19.10
41767344,25,9.25,-2.19,19.18
41828396,25,9.25,-2.19,18.90
41889436,25,9.25,-2.19,19.13
41950476,25,9.76,-2.19,19.26
42011520,25,9.76,-2.19,19.13
42072568,25,9.76,-2.19,19.14
42133612,25,9.76,-2.19,19.22
42194652,25,9.76,-2.19,19.03
42255696,25,9.76,-2.19,19.30
42316728,25,9.76,-2.19,19.03
42377772,25,9.76,-2.19,19.40
42438820,25,9.76,-2.19,19.22
42499852,25,9.76,-2.19,19.25
42560908,25,9.76,-2.19,19.31
42621940,25,9.76,-2.19,19.28
42682980,25,9.76,-2.19,19.18
42744016,25,9.76,-2.19,19.10
42805032,25,9.76,-2.19,19.28
42866076,25,9.76,-2.19,19.32
42927100,25,9.76,-2.19,19.33
42988136,25,9.76,-2.19,19.34
43049168,25,9.76,-2.19,19.34
43110196,25,9.76,-2.19,19.22
43171232,25,9.76,-2.19,19.42
43232260,25,9.76,-2.19,19.39
43293288,25,9.76,-2.19,19.32
43354328,25,9.76,-2.19,19.32
43415344,25,9.76,-2.19,19.22
43476392,25,9.76,-2.19,19.36
43537432,25,9.76,-2.19,19.39
43598460,25,9.76,-2.19,19.49
43659504,25,9.76,-2.19,19.53
43720540,25,9.76,-2.19,19.38
43781580,25,9.76,-2.19,19.37
43842616,25,9.76,-2.19,19.35
43903648,25,9.76,-2.19,19.48
43964692,25,9.76,-2.19,19.62
44025716,25,10.26,-2.19,19.41
44086768,25,10.26,-2.19,19.36
44147808,25,10.26,-2.19,19.40
44208836,25,10.26,-2.19,19.65
44269888,25,10.26,-2.19,19.61
44330928,25,10.26,-2.19,19.45
44391992,25,10.26,-2.19,19.56
44453040,25,10.26,-2.19,19.58
44514080,25,10.26,-2.19,19.46
44575136,25,10.26,-2.19,19.56
44636184,25,10.26,-2.19,19.58
44697232,25,10.26,-2.19,19.44
44758284,25,10.26,-2.19,19.59
44819324,25,10.26,-2.19,19.68
44880380,25,10.26,-2.19,19.68
44941424,25,10.26,-2.19,19.64
45002464,25,10.26,-2.19,19.76
45063520,25,10.26,-2.19,19.65
45124560,25,10.26,-2.19,19.76
45185608,25,10.26,-2.19,19.69
45246656,25,10.26,-2.19,19.75
45307680,25,10.26,-2.19,19.93
45368728,25,10.26,-2.19,19.92
45429768,25,10.26,-2.19,19.75
45490808,25,10.26,-2.19,19.74
45551848,25,10.26,-2.19,19.79
45612884,25,10.26,-2.19,19.86
45673924,25,10.26,-2.19,19.94
45734952,25,10.26,-2.19,19.77
45795984,25,10.26,-2.19,19.92
45857024,25,10.26,-2.19,19.99
45918060,25,10.26,-2.19,19.94
45979084,25,10.26,-2.19,20.04
46040112,25,10.26,-2.19,19.90
46101156,25,10.26,-2.19,19.90
46162184,25,10.26,-2.19,19.91
46223216,25,10.26,-2.19,19.91
46284248,25,10.26,-2.19,20.07
46345284,25,10.26,-2.19,19.95
46406320,25,10.26,-2.19,20.11
46467348,25,10.26,-2.19,20.16
46528384,25,10.26,-2.19,20.13
46589416,25,10.26,-2.19,20.24
46650456,25,10.26,-2.19,20.23
46711484,25,10.26,-2.19,20.02
46772528,25,10.26,-2.19,20.21
46833556,25,10.26,-2.19,20.23
46894596,25,10.26,-2.19,20.10
46955644,25,10.26,-2.19,20.29
47016676,25,10.26,-2.19,20.15
47077716,25,10.26,-2.19,20.16
47138740,25,10.77,-2.19,20.26
47199784,25,10.77,-2.19,20.21
47260820,25,10.77,-2.19,20.33
47321848,25,10.77,-2.19,20.28
47382892,25,10.77,-2.19,20.33
47443912,25,10.77,-2.19,20.37
47504952,25,10.77,-2.19,20.19
47565984,25,10.77,-0.86,20.48
47627000,25,10.77,1.50,20.27
47688032,25,10.77,0.38,20.34
47749052,25,10.77,-2.18,20.52
47810112,25,10.77,-2.94,20.46
47871164,25,10.77,-2.94,20.40
47932200,25,10.77,-2.94,20.48
47993260,25,10.77,-2.38,20.40
48054300,25,10.77,-2.38,20.50
48115336,25,10.77,-2.38,20.47
48176400,25,10.77,-2.38,20.45
48237440,25,10.77,-2.38,20.44
48298492,25,10.77,-2.38,20.39
48359536,25,10.77,-2.38,20.54
48420576,25,10.77,-2.38,20.57
48481628,25,10.77,-2.38,20.59
48542672,25,10.77,-2.38,20.70
48603724,25,10.77,-2.38,20.46
48664768,25,10.77,-2.38,20.66
48725808,25,10.77,-2.38,20.37
48786856,25,10.77,-2.38,20.64
48847896,25,11.34,-2.38,20.54
48908928,25,11.34,-2.38,20.71
48969984,25,11.34,-2.38,20.66
49031024,25,11.34,-2.38,20.60
49092080,25,11.34,-2.38,20.65
49153128,25,11.34,-2.38,20.64
49214168,25,11.34,-2.38,20.71
49275228,25,11.34,-2.38,20.76
49336272,25,11.34,-2.38,20.67
49397320,25,11.34,-2.38,20.67
49458364,25,11.34,-2.38,20.91
49519392,25,11.34,-2.38,20.87
49580444,25,11.34,-2.38,20.87
49641480,25,11.34,-2.38,20.85
49702516,25,11.34,-2.38,20.75
49763560,25,11.34,-2.38,20.70
49824596,25,11.34,-2.38,20.68
49885644,25,11.34,-2.38,20.88
49946700,25,11.34,-2.38,20.89
50007740,25,11.34,-2.38,20.92
50068792,25,11.34,-2.38,21.05
50129828,25,11.34,-2.38,20.89
50190892,25,11.34,-2.38,20.92
50251940,25,11.34,-2.38,20.91
50312980,25,11.34,-2.38,20.89
50374036,25,11.34,-2.38,21.00
50435068,25,11.34,-2.38,20.94
50496128,25,11.34,-2.38,21.05
50557180,25,11.34,-2.38,20.77
50618240,25,11.34,-2.38,21.01
50679292,25,11.34,-2.38,20.97
50740348,25,11.34,-2.38,21.03
50801388,25,11.34,-2.38,21.11
50862444,25,11.34,-0.72,21.13
50923472,25,11.34,1.52,21.15
50984520,25,11.34,0.41,20.87
51045580,25,11.34,-2.08,20.97
51106652,25,11.34,-2.82,20.94
51167704,25,11.34,-2.82,20.96
51228752,25,11.87,-2.82,21.14
51289792,25,11.87,-2.26,21.13
51350848,25,11.87,-2.26,21.19
51411892,25,11.87,-2.26,21.29
51472944,25,11.87,-2.26,21.24
51533976,25,11.87,-2.26,21.28
51595008,25,11.87,-2.26,21.23
51656052,25,11.87,-2.26,21.20
51717084,25,11.87,-2.26,21.33
51778120,25,11.87,-2.26,21.34
51839152,25,11.87,-2.26,21.31
51900180,25,11.87,-2.26,21.18
51961232,25,11.87,-2.26,21.31
52022260,25,11.87,-2.26,21.41
52083304,25,11.87,-2.26,21.41
52144344,25,11.87,-2.26,21.39
52205384,25,11.87,-2.26,21.07
52266424,25,11.87,-2.26,21.32
52327460,25,11.87,-2.26,21.33
52388496,25,11.87,-2.26,21.48
52449540,25,11.87,-2.26,21.41
52510564,25,11.87,-2.26,21.48
52571616,25,11.87,-2.26,21.43
52632648,25,11.87,-2.26,21.40
52693680,25,11.87,-2.26,21.41
52754712,25,11.87,-2.26,21.57
52815752,25,11.87,-2.26,21.43
52876788,25,11.87,-2.26,21.59
52937840,25,11.87,-2.26,21.60
52998884,25,11.87,-2.26,21.50
53059940,25,11.87,-2.26,21.62
53120976,25,11.87,-2.26,21.46
53182020,25,11.87,-2.26,21.58
53243052,25,11.87,-2.26,21.57
53304080,25,11.87,-2.26,21.66
53365124,25,11.87,-2.26,21.58
53426152,25,11.87,-2.26,21.73
53487192,25,11.87,-2.26,21.59
53548228,25,11.87,-2.26,21.60
53609252,25,11.87,-2.26,21.64
53670292,25,11.87,-2.26,21.51
53731316,25,12.40,-2.26,21.77
53792368,25,12.40,-2.26,21.80
53853396,25,12.40,-2.26,21.95
53914428,25,12.40,-2.26,21.73
53975468,25,12.40,-2.26,21.69
54036500,25,12.40,-2.26,21.75
54097528,25,12.40,-2.26,21.89
54158568,25,12.40,-2.26,21.78
54219588,25,12.40,-2.26,21.92
54280624,25,12.40,-2.26,21.90
54341656,25,12.40,-2.26,21.77
54402684,25,12.40,-2.26,21.79
54463728,25,12.40,-2.26,21.77
54524744,25,12.40,-2.26,21.92
54585780,25,12.40,-2.26,21.82
54646808,25,12.40,-2.26,21.82
54707828,25,12.40,-2.26,21.99
54768872,25,12.40,-2.26,21.97
54829892,25,12.40,-2.26,21.93
54890932,25,12.40,-2.26,21.85
54951960,25,12.40,-2.26,21.92
55012980,25,12.40,-2.26,21.98
55074020,25,12.40,-2.26,21.93
55135044,25,12.40,-2.26,21.98
55196084,25,12.40,-2.26,21.99
55257116,25,12.40,-2.26,21.87
55318152,25,12.40,-2.26,21.89
55379204,25,12.40,-2.26,22.04
55440224,25,12.40,-2.26,22.01
55501276,25,12.40,-2.26,21.84
55562328,25,12.40,-2.26,22.07
55623344,25,12.40,-2.26,21.96
55684384,25,12.40,-2.26,22.08
55745416,25,12.40,-2.26,22.04
55806464,25,12.40,-2.26,21.95
55867520,25,12.40,-2.26,22.04
55928548,25,12.40,-2.26,21.98
55989604,25,12.40,-2.26,21.99
56050640,25,12.40,-2.26,22.00
56111688,25,12.40,-2.26,22.07
56172724,25,12.40,-2.26,22.01
56233756,25,12.40,-2.26,22.08
56294808,25,12.40,-2.26,22.24
56355852,25,12.40,-2.26,22.18
56416888,25,12.40,-2.26,22.13
56477940,25,12.40,-2.26,22.19
56538976,25,12.40,-2.26,22.27
56600020,25,12.40,-2.26,22.20
56661060,25,12.40,-2.26,22.26
56722104,25,12.40,-2.26,22.12
56783144,25,12.40,-2.26,22.34
56844176,25,12.40,-2.26,22.33
56905224,25,12.98,-2.26,22.24
56966264,25,12.98,-2.26,22.28
57027296,25,12.98,-2.26,22.30
57088340,25,12.98,-2.26,22.11
57149372,25,12.98,-2.26,22.31
57210424,25,12.98,-2.26,22.28
57271472,25,12.98,-2.26,22.34
57332492,25,12.98,-2.26,22.31
57393524,25,12.98,-2.26,22.46
57454552,25,12.98,-2.26,22.48
57515588,25,12.98,-0.35,22.29
57576600,25,12.98,1.84,22.41
57637608,25,12.98,0.67,22.38
57698660,25,12.98,-1.83,22.34
57759704,25,12.98,-2.55,22.42
57820760,25,12.98,-2.55,22.53
57881800,25,12.98,-2.55,22.42
57942840,25,12.98,-2.55,22.44
58003888,25,12.98,-2.55,22.53
58064928,25,12.98,-2.04,22.51
58125956,25,12.98,-2.04,22.43
58187000,25,12.98,-2.04,22.52
58248040,25,12.98,-2.04,22.53
58309088,25,12.98,-2.04,22.51
58370132,25,12.98,-2.04,22.57
58431164,25,12.98,-2.04,22.61
58492204,25,12.98,-2.04,22.58
58553224,25,12.98,-2.04,22.49
58614252,25,12.98,-2.04,22.64
58675276,25,12.98,-2.04,22.56
58736300,25,12.98,-2.04,22.56
58797336,25,12.98,-2.04,22.67
58858368,25,12.98,-2.04,22.68
58919416,25,12.98,-2.04,22.76
58980456,25,12.98,-2.04,22.66
59041496,25,12.98,-2.04,22.64
59102536,25,12.98,-2.04,22.68
59163572,25,13.49,-2.04,22.63
59224616,25,13.49,-2.04,22.77
59285652,25,13.49,-2.04,22.91
59346688,25,13.49,-2.04,22.72
59407732,25,13.49,-2.04,22.79
59468772,25,13.49,-2.04,22.79
59529808,25,13.49,-2.04,22.83
59590840,25,13.49,-2.04,22.78
59651860,25,13.49,-2.04,22.95
59712892,25,13.49,-2.04,22.81
59773908,25,13.49,-2.04,22.69
59834952,25,13.49,-2.04,22.86
59895984,25,13.49,-2.04,22.94
59957008,25,13.49,-2.04,22.72
60018044,25,13.49,-2.04,22.80
60079068,25,13.49,-2.04,22.97
60140104,25,13.49,-2.04,22.91
60201128,25,13.49,-2.04,23.04
60262152,25,13.49,-2.04,22.82
60323188,25,13.49,-2.04,22.91
60384212,25,13.49,-2.04,22.84
60445244,25,13.49,-2.04,22.81
60506276,25,13.49,-2.04,22.92
60567304,25,13.49,-2.04,22.79
60628348,25,13.49,-2.04,22.94
60689368,25,13.49,-2.04,22.98
60750400,25,13.49,-2.04,22.85
60811420,25,13.49,-2.04,22.87
60872448,25,13.49,-2.04,22.90
60933488,25,13.49,-2.04,22.92
60994524,25,13.49,-2.04,23.05
61055564,25,13.49,-2.04,23.02
61116604,25,13.49,-2.04,23.05
61177640,25,13.49,-2.04,23.10
61238684,25,13.49,-2.04,22.98
61299724,25,13.49,-2.04,22.96
61360760,25,13.49,-2.04,23.12
61421804,25,13.49,-2.04,23.10
61482852,25,13.49,-2.04,22.98
61543900,25,13.49,-2.04,23.11
61604912,25,14.04,-2.04,23.18
61665932,25,14.04,-2.04,23.05
61726968,25,14.04,-2.04,23.13
61788004,25,14.04,-2.04,23.11
61849052,25,14.04,-2.04,22.98
61910096,25,14.04,-2.04,23.09
61971124,25,14.04,-2.04,23.01
62032164,25,14.04,-2.04,23.14
62093192,25,14.04,-2.04,23.10
62154232,25,14.04,-2.04,23.22
62215272,25,14.04,-2.04,23.23
62276308,25,14.04,-2.04,23.03
62337348,25,14.04,-2.04,23.01
62398384,25,14.04,-2.04,23.15
62459428,25,14.04,-2.04,23.19
62520476,25,14.04,-2.04,23.19
62581516,25,14.04,-2.04,23.19
62642560,25,14.04,-2.04,23.23
62703592,25,14.04,-2.04,23.30
62764640,25,14.04,-2.04,23.16
62825676,25,14.04,-2.04,23.20
62886720,25,14.04,-2.04,23.35
62947760,25,14.04,-2.04,23.17
63008796,25,14.04,-2.04,23.07
63069836,25,14.04,-2.04,23.29
63130884,25,14.04,-2.04,23.25
63191912,25,14.04,-2.04,23.28
63252968,25,14.04,-2.04,23.25
63314004,25,14.04,-2.04,23.18
63375036,25,14.04,-2.04,23.24
63436084,25,14.04,-2.04,23.23
63497124,25,14.04,-2.04,23.33
63558164,25,14.55,-2.04,23.22
63619208,25,14.55,-2.04,23.37
63680248,25,14.55,-2.04,23.12
63741296,25,14.55,-2.04,23.35
63802340,25,14.55,-2.04,23.20
63863388,25,14.55,-2.04,23.45
63924428,25,14.55,-2.04,23.35
63985456,25,14.55,-2.04,23.36
64046496,25,14.55,-2.04,23.30
64107528,25,14.55,-2.04,23.42
64168548,25,14.55,-0.12,23.39
64229588,25,14.55,2.09,23.51
64290624,25,14.55,0.94,23.43
64351668,25,14.55,-1.56,23.33
64412716,25,14.55,-2.26,23.45
64473760,25,14.55,-2.26,23.42
64534808,25,14.55,-1.72,23.48
64595828,25,14.55,-1.72,23.33
64656876,25,14.55,-1.72,23.38
64717924,25,14.55,-1.72,23.57
64778960,25,14.55,-1.72,23.55
64840008,25,14.55,-1.72,23.58
64901044,25,14.55,-1.72,23.58
64962096,25,14.55,-1.72,23.54
65023128,25,14.55,-1.72,23.36
65084152,25,14.55,-1.72,23.56
65145184,25,14.55,-1.72,23.60
65206200,25,14.55,-1.72,23.43
65267240,25,14.55,-1.72,23.63
65328268,25,14.55,-1.72,23.61
65389292,25,14.55,-1.72,23.68
65450324,25,14.55,-1.72,23.55
65511356,25,14.55,-1.72,23.54
65572408,25,14.55,-1.72,23.54
65633448,25,14.55,-1.72,23.65
65694488,25,14.55,-1.72,23.39
65755536,25,14.55,-1.72,23.59
65816568,25,14.55,-1.72,23.52
65877608,25,14.55,-1.72,23.58
65938656,25,15.05,-1.72,23.56
65999684,25,15.05,-1.72,23.70
66060728,25,15.05,-1.72,23.68
66121764,25,15.05,-1.72,23.60
66182796,25,15.05,-1.72,23.55
66243856,25,15.05,-1.72,23.65
66304892,25,15.05,-1.72,23.59
66365940,25,15.05,-1.72,23.70
66426984,25,15.05,-1.72,23.63
66488012,25,15.05,0.01,23.78
66549052,25,15.05,2.23,23.57
66610100,25,15.05,1.07,23.77
66671136,25,15.05,-1.40,23.63
66732188,25,15.05,-2.11,23.65
66793232,25,15.05,-2.11,23.82
66854280,25,15.05,-2.11,23.73
66915316,25,15.05,-2.11,23.75
66976360,25,15.05,-2.11,23.76
67037408,25,15.05,-2.11,23.61
67098440,25,15.05,-2.11,23.80
67159496,25,15.05,-2.11,23.82
67220532,25,15.05,-1.57,23.88
67281568,25,15.05,-1.57,23.83
67342608,25,15.05,-1.57,23.84
67403652,25,15.05,-1.57,23.81
67464696,25,15.05,-1.57,23.86
67525736,25,15.05,-1.57,23.82
67586768,25,15.05,-1.57,23.80
67647816,25,15.05,-1.57,23.78
67708832,25,15.05,-1.57,23.89
67769864,25,15.72,-1.57,23.84
67830900,25,15.72,-1.57,23.74
67891916,25,15.72,-1.57,23.86
67952952,25,15.72,-1.57,23.91
68013972,25,15.72,-1.57,23.77
68075008,25,15.72,-1.57,23.92
68136036,25,15.72,-1.57,23.83
68197064,25,15.72,-1.57,23.84
68258100,25,15.72,-1.57,23.94
68319104,25,15.72,-1.57,23.85
68380136,25,15.72,-1.57,23.79
68441152,25,15.72,-1.57,23.86
68502156,25,15.72,-1.57,23.90
68563184,25,15.72,-1.57,24.00
68624196,25,15.72,-1.57,23.77
68685232,25,15.72,-1.57,23.98
68746268,25,15.72,-1.57,23.90
68807280,25,15.72,-1.57,23.88
68868332,25,15.72,-1.57,23.97
68929376,25,15.72,-1.57,23.98
68990436,25,15.72,-1.57,23.87
69051488,25,15.72,-1.57,24.12
69112524,25,15.72,-1.57,23.89
69173588,25,15.72,-1.57,23.97
69234628,25,15.72,-1.57,24.02
69295672,25,15.72,-1.57,23.99
69356728,25,15.72,-1.57,24.09
69417756,25,15.72,-1.57,24.14
69478812,25,15.72,-1.57,23.94
69539856,25,15.72,-1.57,24.20
69600892,25,15.72,-1.57,23.97
69661956,25,15.72,-1.57,23.95
69722996,25,15.72,-1.57,24.24
69784044,25,15.72,-1.57,24.14
69845084,25,15.72,-1.57,24.21
69906124,25,15.72,-1.57,24.16
69967176,25,15.72,-1.57,24.20
70028224,25,15.72,-1.57,24.11
70089268,25,15.72,-1.57,24.00
70150312,25,15.72,-1.57,24.21
70211356,25,15.72,-1.57,24.14
70272408,25,15.72,-1.57,24.36
70333460,25,15.72,-1.57,24.06
70394496,25,15.72,-1.57,24.25
70455556,25,15.72,-1.57,24.14
70516596,25,15.72,-1.57,24.17
70577660,25,16.25,-1.57,24.32
70638712,25,16.25,-1.57,24.28
70699764,25,16.25,-1.57,24.11
70760820,25,16.25,-1.57,24.20
70821864,25,16.25,-1.57,24.22
70882920,25,16.25,-1.57,24.15
70943980,25,16.25,-1.57,24.21
71005036,25,16.25,-1.57,24.25
71066088,25,16.25,-1.57,24.24
71127136,25,16.25,-1.57,24.27
71188184,25,16.25,-1.57,24.15
71249232,25,16.25,-1.57,24.16
71310284,25,16.25,-1.57,24.21
71371340,25,16.25,-1.57,24.19
71432392,25,16.25,-1.57,24.36
71493436,25,16.25,-1.57,24.26
71554492,25,16.25,-1.57,24.34
71615544,25,16.25,-1.57,24.39
71676588,25,16.25,-1.57,24.40
71737644,25,16.25,-1.57,24.30
71798680,25,16.25,-1.57,24.35
71859736,25,16.25,-1.57,24.30
71920784,25,16.25,-1.57,24.29
71981824,25,16.25,-1.57,24.32
72042876,25,16.25,-1.57,24.28
72103916,25,16.25,-1.57,24.26
72164964,25,16.25,-1.57,24.38
72226012,25,16.25,-1.57,24.45
72287052,25,16.25,-1.57,24.15
72348112,25,16.25,-1.57,24.37
72409160,25,16.25,-1.57,24.31
72470196,25,16.25,-1.57,24.36
72531256,25,16.25,-1.57,24.29
72592296,25,16.25,-1.57,24.32
72653344,25,16.25,-1.57,24.38
72714404,25,16.76,-1.57,24.32
72775432,25,16.76,-1.57,24.50
72836468,25,16.76,-1.57,24.43
72897488,25,16.76,-1.57,24.50
72958528,25,16.76,-1.57,24.47
73019556,25,16.76,-1.57,24.34
73080592,25,16.76,-1.57,24.35
73141632,25,16.76,-1.57,24.50
73202660,25,16.76,-1.57,24.53
73263688,25,16.76,-1.57,24.31
73324716,25,16.76,-1.57,24.34
73385756,25,16.76,-1.57,24.54
73446796,25,16.76,-1.57,24.55
73507820,25,16.76,-1.57,24.50
73568860,25,16.76,-1.57,24.50
73629892,25,16.76,-1.57,24.41
73690920,25,16.76,-1.57,24.32
73751960,25,16.76,0.09,24.52
73812968,25,16.76,2.32,24.60
73874004,25,16.76,1.17,24.51
73935024,25,16.76,-1.32,24.54
73996056,25,16.76,-2.06,24.57
74057108,25,16.76,-2.06,24.66
74118140,25,16.76,-2.06,24.62
74179176,25,16.76,-1.52,24.67
74240204,25,16.76,-1.52,24.69
74301236,25,16.76,-1.52,24.73
74362272,25,16.76,-1.52,24.64
74423304,25,16.76,-0.00,24.76
74484328,25,17.26,2.26,24.48
74545376,25,17.26,1.16,24.69
74606400,25,17.26,-1.31,24.67
74667448,25,17.26,-1.96,24.72
74728480,25,17.26,-1.96,24.75
74789512,25,17.26,-1.96,24.90
74850568,25,17.26,-1.96,24.80
74911608,25,17.26,-1.96,24.71
74972664,25,17.26,-1.96,24.87
75033716,25,17.26,-1.96,24.87
75094764,25,17.26,-1.96,24.79
75155812,25,17.26,-1.96,24.83
75216848,25,17.26,-1.96,24.85
75277908,25,17.26,-1.96,24.96
75338956,25,17.26,-1.96,24.83
75399996,25,17.26,-1.96,24.90
75461060,25,17.26,-1.96,24.57
75522100,25,17.26,-1.96,25.01
75583136,25,17.26,-1.96,24.83
75644204,25,17.26,-1.96,24.82
75705240,25,17.26,-1.96,24.88
75766292,25,17.26,-1.96,24.92
75827340,25,17.26,-1.96,24.87
75888380,25,17.26,-1.96,25.02
75949436,25,17.80,-1.96,24.86
76010488,25,17.80,-1.96,25.05
76071532,25,17.80,-1.96,24.83
76132592,25,17.80,-1.96,25.05
76193624,25,17.80,-1.96,24.97
76254684,25,17.80,-1.96,24.84
76315728,25,17.80,-1.96,24.90
76376776,25,17.80,-1.96,25.13
76437824,25,17.80,-1.96,25.10
76498868,25,17.80,-1.96,25.01
76559920,25,17.80,-1.96,24.83
76620968,25,17.80,-1.96,25.04
76682008,25,17.80,-1.45,25.07
76743056,25,17.80,-1.45,25.09
76804104,25,17.80,-1.45,25.01
76865136,25,17.80,-1.45,25.21
76926196,25,17.80,-1.45,25.11
76987232,25,17.80,-1.45,25.15
77048288,25,17.80,-1.45,25.23
77109332,25,17.80,-1.45,25.24
77170368,25,17.80,-1.45,25.09
77231424,25,17.80,-1.45,25.18
77292468,25,17.80,-1.45,25.05
77353520,25,17.80,-1.45,25.12
77414564,25,17.80,-1.45,25.19
77475604,25,17.80,-1.45,25.13
77536660,25,17.80,-1.45,25.02
77597704,25,17.80,-1.45,25.25
77658748,25,17.80,-1.45,25.15
77719800,25,17.80,-1.45,25.11
77780844,25,17.80,-1.45,25.18
77841908,25,17.80,-1.45,25.11
77902956,25,17.80,-1.45,25.25
77964000,25,17.80,-1.45,25.18
78025052,25,17.80,-1.45,25.16
78086096,25,17.80,-1.45,25.02
78147144,25,17.80,-1.45,25.16
78208192,25,17.80,-1.45,25.20
78269216,25,18.31,-1.45,25.22
78330264,25,18.31,-1.45,25.04
78391308,25,18.31,-1.45,25.25
78452348,25,18.31,-1.45,25.35
78513392,25,18.31,-1.45,25.18
78574432,25,18.31,-1.45,25.21
78635484,25,18.31,-1.45,25.27
78696536,25,18.31,-1.45,25.32
78757572,25,18.31,-1.45,25.26
78818624,25,18.31,-1.45,25.33
78879664,25,18.31,-1.45,25.33
78940712,25,18.31,-1.45,25.45
79001760,25,18.31,-1.45,25.26
79062796,25,18.31,-1.45,25.09
79123848,25,18.31,-1.45,25.27
79184888,25,18.31,-1.45,25.34
79245928,25,18.31,-1.45,25.35
79306988,25,18.31,-1.45,25.37
79368024,25,18.31,-1.45,25.34
79429064,25,18.31,-1.45,25.41
79490092,25,18.31,-1.45,25.38
79551132,25,18.31,-1.45,25.46
79612184,25,18.31,-1.45,25.33
79673212,25,18.31,-1.45,25.38
79734268,25,18.31,-1.45,25.53
79795308,25,18.31,-1.45,25.44
79856344,25,18.31,-1.45,25.48
79917400,25,18.31,-1.45,25.51
79978428,25,18.31,-1.45,25.37
80039484,25,18.31,-1.45,25.38
80100532,25,18.31,-1.45,25.47
80161576,25,18.31,-1.45,25.47
80222612,25,18.31,-1.45,25.53
80283632,25,18.31,-1.45,25.54
80344672,25,18.81,-1.45,25.43
80405704,25,18.81,-1.45,25.56
80466732,25,18.81,-1.45,25.45
80527772,25,18.81,-1.45,25.55
80588816,25,18.81,-1.45,25.58
80649856,25,18.81,-1.45,25.75
80710904,25,18.81,-1.45,25.62
80771936,25,18.81,-1.45,25.81
80832976,25,18.81,-1.45,25.63
80894004,25,18.81,-1.45,25.53
80955028,25,18.81,-1.45,25.55
81016060,25,18.81,-1.45,25.53
81077104,25,18.81,-1.45,25.83
81138156,25,18.81,-1.45,25.69
81199200,25,18.81,-1.45,25.79
81260240,25,18.81,-1.45,25.61
81321284,25,18.81,-1.45,25.76
81382328,25,18.81,-1.45,25.68
81443384,25,18.81,-1.45,25.70
81504428,25,18.81,-1.45,25.70
81565468,25,18.81,-1.45,25.67
81626516,25,18.81,-1.45,25.74
81687560,25,18.81,-1.45,25.85
81748612,25,18.81,-1.45,25.71
81809660,25,18.81,-1.45,25.76
81870708,25,18.81,-1.45,25.73
81931756,25,18.81,-1.45,25.70
81992808,25,18.81,-1.45,25.95
82053836,25,18.81,-1.45,25.71
82114880,25,18.81,-1.45,25.83
82175920,25,18.81,-1.45,25.86
82236976,25,18.81,-1.45,25.90
82298016,25,18.81,-1.45,25.76
82359060,25,18.81,-1.45,25.80
82420116,25,18.81,-1.45,25.87
82481160,25,18.81,-1.45,25.82
82542192,25,18.81,-1.45,25.84
82603232,25,18.81,-1.45,25.89
82664260,25,18.81,-1.45,25.96
82725292,25,18.81,-1.45,25.87
82786324,25,18.81,-1.45,25.84
82847352,25,18.81,-1.45,25.97
82908388,25,18.81,-1.45,25.92
82969404,25,18.81,-1.45,25.94
83030440,25,18.81,-1.45,26.03
83091456,25,18.81,-1.45,25.90
83152492,25,18.81,-1.45,26.04
83213524,25,18.81,-1.45,26.15
83274552,25,18.81,-1.45,25.94
83335588,25,18.81,-1.45,26.18
83396620,25,18.81,-1.45,26.11
83457652,25,18.81,-1.45,26.04
83518700,25,18.81,-1.45,26.10
83579744,25,18.81,-1.45,26.15
83640800,25,18.81,-1.45,26.00
83701848,25,19.32,-1.45,26.17
83762900,25,19.32,-1.45,26.18
83823948,25,19.32,-1.45,26.09
83884996,25,19.32,-1.45,26.16
83946044,25,19.32,-1.45,26.09
84007092,25,19.32,-1.45,26.30
84068128,25,19.32,-1.45,26.16
84129188,25,19.32,-1.45,26.15
84190232,25,19.32,-1.45,26.29
84251268,25,19.32,-1.45,26.23
84312316,25,19.32,-1.45,26.18
84373352,25,19.32,-1.45,26.38
84434412,25,19.32,-1.45,26.33
84495448,25,19.32,-1.45,26.25
84556496,25,19.32,-1.45,26.27
84617548,25,19.32,-1.45,26.21
84678588,25,19.32,-1.45,26.36
84739644,25,19.32,-1.45,26.36
84800696,25,19.32,-1.45,26.39
84861736,25,19.32,-1.45,26.23
84922800,25,19.32,-1.45,26.27
84983848,25,19.32,-1.45,26.39
85044896,25,19.32,-1.45,26.28
85105952,25,19.32,-1.45,26.51
85167000,25,19.32,-1.45,26.29
85228048,25,19.32,-1.45,26.45
85289096,25,19.32,-1.45,26.30
85350136,25,19.32,-1.45,26.31
85411192,25,19.32,-1.45,26.47
85472244,25,19.32,-1.45,26.41
85533284,25,19.32,-1.45,26.38
85594348,25,19.32,-1.45,26.30
85655380,25,19.32,-1.45,26.37
85716420,25,19.32,-1.45,26.42
85777460,25,19.32,-1.45,26.28
85838500,25,19.32,-1.45,26.53
85899552,25,19.32,-1.45,26.50
85960592,25,19.32,-1.45,26.45
86021644,25,19.32,-1.45,26.42
86082680,25,19.32,-1.45,26.49
86143728,25,19.32,-1.45,26.44
86204776,25,19.32,-1.45,26.45
86265816,25,19.32,-0.00,26.46
86326860,25,19.32,2.21,26.38
86387916,25,19.32,1.06,26.48
86448952,25,19.32,-1.47,26.40
86510008,25,19.83,-2.20,26.67
86571068,25,19.83,-2.20,26.63
86632096,25,19.83,-1.68,26.60
86693140,25,19.83,-1.68,26.41
86754184,25,19.83,-1.68,26.50
86815228,25,19.83,-1.68,26.39
86876276,25,19.83,-1.68,26.65
86937316,25,19.83,-1.68,26.59
86998368,25,19.83,-1.68,26.50
87059404,25,19.83,-1.68,26.53
87120452,25,19.83,-1.68,26.54
87181496,25,19.83,-1.68,26.64
87242540,25,19.83,-1.68,26.64
87303584,25,19.83,-1.68,26.57
87364636,25,19.83,-1.68,26.52
87425668,25,19.83,-1.68,26.62
87486724,25,19.83,-1.68,26.74
87547760,25,19.83,-1.68,26.57
87608816,25,19.83,-1.68,26.57
87669860,25,19.83,-1.68,26.69
87730896,25,19.83,-1.68,26.59
87791952,25,19.83,-1.68,26.62
87852984,25,19.83,-1.68,26.54
87914044,25,19.83,-1.68,26.63
87975092,25,19.83,-1.68,26.70
88036144,25,19.83,-1.68,26.59
88097204,25,19.83,-1.68,26.66
88158252,25,19.83,-1.68,26.72
88219284,25,19.83,-1.68,26.65
88280340,25,19.83,-1.68,26.76
88341392,25,19.83,-1.68,26.85
88402452,25,19.83,-1.68,26.70
88463496,25,19.83,-1.68,26.92
88524548,25,19.83,-1.68,26.78
88585604,25,19.83,-1.68,26.66
88646648,25,19.83,-1.68,26.82
88707708,25,19.83,-1.68,26.84
88768764,25,20.35,-1.68,26.71
88829804,25,20.35,-1.68,26.83
88890856,25,20.35,-1.68,26.74
88951888,25,20.35,-1.68,26.88
89012920,25,20.35,-1.68,26.70
89073960,25,20.35,-1.68,26.93
89134992,25,20.35,-1.68,26.93
89196032,25,20.35,-1.68,26.91
89257068,25,20.35,-1.68,26.96
89318108,25,20.35,-1.68,26.98
89379148,25,20.35,-1.68,26.86
89440180,25,20.35,-1.68,26.88
89501224,25,20.35,-1.68,26.99
89562268,25,20.35,-1.68,27.00
89623292,25,20.35,-1.68,26.88
89684328,25,20.35,-1.68,27.01
89745356,25,20.35,-1.68,27.06
89806404,25,20.35,-1.68,26.90
89867444,25,20.35,-1.68,27.13
89928468,25,20.35,-1.68,26.92
89989516,25,20.35,-1.68,26.95
90050548,25,20.35,-1.68,27.07
90111584,25,20.35,-1.68,27.01
90172628,25,20.35,-1.68,27.07
90233652,25,20.35,-1.68,27.08
90294704,25,20.35,-1.68,26.97
90355744,25,20.35,-1.68,27.08
90416772,25,20.35,-1.68,27.07
90477820,25,20.35,-1.68,27.10
90538864,25,20.35,-1.68,27.11
90599916,25,20.35,-1.68,27.04
90660972,25,20.35,-1.68,27.17
90722012,25,20.35,-1.68,27.14
90783072,25,20.35,-1.68,27.07
90844120,25,20.35,-1.68,27.15
90905176,25,20.35,-1.68,27.19
90966228,25,20.35,-1.68,27.33
91027268,25,20.90,-1.68,27.21
91088320,25,20.90,-1.68,27.20
91149376,25,20.90,-1.68,27.13
91210412,25,20.90,-1.68,27.19
91271468,25,20.90,-1.68,27.23
91332496,25,20.90,-1.68,27.23
91393540,25,20.90,-1.68,27.31
91454576,25,20.90,-1.68,27.24
91515616,25,20.90,-1.68,27.21
91576656,25,20.90,-1.68,27.29
91637708,25,20.90,-1.68,27.23
91698768,25,20.90,-1.68,27.22
91759824,25,20.90,-1.68,27.36
91820868,25,20.90,-1.68,27.39
91881932,25,20.90,-1.68,27.37
91942984,25,20.90,-1.68,27.36
92004036,25,20.90,-1.68,27.49
92065096,25,20.90,-1.68,27.26
92126144,25,20.90,-1.68,27.28
92187196,25,20.90,0.02,27.41
92248232,25,20.90,2.27,27.29
92309276,25,20.90,1.09,27.34
92370308,25,20.90,-1.44,27.41
92431348,25,20.90,-2.05,27.48
92492416,25,20.90,-2.05,27.47
92553472,25,20.90,-2.05,27.44
92614516,25,20.90,-2.05,27.51
92675572,25,20.90,-2.05,27.41
92736616,25,20.90,-2.05,27.43
92797660,25,20.90,-2.05,27.45
92858716,25,20.90,-2.05,27.34
92919764,25,20.90,-2.05,27.39
92980824,25,20.90,-2.05,27.49
93041868,25,20.90,-2.05,27.44
93102904,25,20.90,-2.05,27.57
93163960,25,20.90,-2.05,27.42
93225004,25,20.90,-2.05,27.49
93286052,25,20.90,-2.05,27.42
93347088,25,20.90,-2.05,27.44
93408116,25,20.90,-1.51,27.43
93469148,25,20.90,-1.51,27.47
93530196,25,20.90,-1.51,27.62
93591236,25,20.90,-1.51,27.56
93652296,25,20.90,-1.51,27.62
93713328,25,20.90,-1.51,27.74
93774392,25,20.90,-1.51,27.69
93835432,25,20.90,-1.51,27.75
93896476,25,20.90,-1.51,27.68
93957520,25,20.90,-1.51,27.58
94018572,25,20.90,-1.51,27.73
94079604,25,20.90,-1.51,27.68
94140660,25,20.90,-1.51,27.72
94201700,25,20.90,-1.51,27.53
94262752,25,20.90,-1.51,27.78
94323804,25,20.90,-1.51,27.67
94384848,25,21.41,-1.51,27.83
94445900,25,21.41,-1.51,27.77
94506956,25,21.41,-1.51,27.65
94568008,25,21.41,-1.51,27.70
94629056,25,21.41,-1.51,27.83
94690104,25,21.41,-1.51,27.74
94751156,25,21.41,-1.51,27.71
94812204,25,21.41,-1.51,27.73
94873244,25,21.41,-1.51,27.75
94934304,25,21.41,-1.51,27.77
94995344,25,21.41,-1.51,27.84
95056392,25,21.41,-1.51,27.91
95117436,25,21.41,-1.51,27.81
95178476,25,21.41,-1.51,27.88
95239532,25,21.41,-1.51,27.75
95300572,25,21.41,-1.51,27.78
95361624,25,21.41,-1.51,27.97
95422668,25,21.41,-1.51,27.89
95483716,25,21.41,-1.51,27.97
95544772,25,21.41,-1.51,27.94
95605816,25,21.41,-1.51,27.78
95666860,25,21.41,-1.51,27.96
95727916,25,21.41,-1.51,27.96
95788956,25,21.41,-1.51,27.67
95850008,25,21.41,-1.51,27.95
95911060,25,21.41,-1.51,27.84
95972104,25,21.41,-1.51,27.85
96033156,25,21.41,-1.51,27.85
96094200,25,21.41,-1.51,27.86
96155252,25,21.41,-1.51,27.94
96216300,25,21.41,-1.51,27.98
96277348,25,21.41,-1.51,27.90
96338396,25,21.41,-1.51,27.92
96399448,25,21.41,-1.51,27.96
96460496,25,21.41,-1.51,28.07
96521540,25,21.41,-1.51,28.08
96582568,25,21.41,-1.51,28.02
96643600,25,21.41,-1.51,28.09
96704640,25,21.41,-1.51,27.97
96765684,25,21.41,-1.51,28.07
96826736,25,21.41,-1.51,28.13
96887776,25,21.93,-1.51,28.05
96948832,25,21.93,-1.51,28.13
97009884,25,21.93,-1.51,28.20
97070936,25,21.93,-1.51,28.25
97131984,25,21.93,-1.51,28.26
97193028,25,21.93,-1.51,28.20
97254072,25,21.93,-1.51,28.05
97315124,25,21.93,-1.51,28.37
97376168,25,21.93,-1.51,28.03
97437212,25,21.93,0.18,28.24
97498252,25,21.93,2.50,28.23
97559292,25,21.93,1.44,28.26
97620324,25,21.93,-1.05,28.08
97681364,25,21.93,-1.83,28.34
97742404,25,21.93,-1.83,28.18
97803436,25,21.93,-1.83,28.21
97864464,25,21.93,-1.83,28.18
97925504,25,21.93,-1.83,28.30
97986528,25,21.93,-1.83,28.25
98047572,25,21.93,-1.83,28.14
98108604,25,21.93,-1.33,28.23
98169632,25,21.93,-1.33,28.13
98230668,25,21.93,-1.33,28.24
98291700,25,21.93,-1.33,28.27
98352736,25,21.93,-1.33,28.32
98413776,25,21.93,-1.33,28.28
98474808,25,21.93,-1.33,28.27
98535844,25,21.93,-1.33,28.35
98596888,25,21.93,-1.33,28.47
98657916,25,21.93,-1.33,28.31
98718952,25,21.93,-1.33,28.36
98779980,25,21.93,-1.33,28.34
98841024,25,21.93,-1.33,28.37
98902060,25,21.93,-1.33,28.31
98963092,25,21.93,-1.33,28.41
99024128,25,21.93,-1.33,28.43
99085164,25,21.93,-1.33,28.40
99146208,25,21.93,-1.33,28.45
99207244,25,21.93,-1.33,28.40
99268280,25,21.93,-1.33,28.44
99329320,25,21.93,-1.33,28.45
99390352,25,21.93,-1.33,28.40
99451400,25,21.93,-1.33,28.30
99512444,25,21.93,-1.33,28.59
99573492,25,21.93,-1.33,28.57
99634552,25,21.93,-1.33,28.58
99695600,25,21.93,-1.33,28.43
99756656,25,21.93,-1.33,28.55
99817716,25,21.93,-1.33,28.55
99878764,25,21.93,-1.33,28.56
99939816,25,21.93,-1.33,28.59
100000872,25,21.93,-1.33,28.66
100061940,25,22.46,-1.33,28.45
100123000,25,22.46,-1.33,28.62
100184040,25,22.46,-1.33,28.60
100245084,25,22.46,-1.33,28.68
100306144,25,22.46,-1.33,28.66
100367176,25,22.46,-1.33,28.59
100428240,25,22.46,-1.33,28.72
100489284,25,22.46,-1.33,28.77
100550320,25,22.46,-1.33,28.51
100611356,25,22.46,-1.33,28.67
100672392,25,22.46,-1.33,28.78
100733444,25,22.46,0.38,28.74
100794484,25,22.46,2.70,28.74
100855548,25,22.46,1.53,28.72
100916588,25,22.46,-1.04,28.65
100977640,25,22.46,-1.79,28.63
101038696,25,22.46,-1.79,28.84
101099748,25,22.46,-1.28,28.91
101160788,25,22.46,-1.28,28.93
101221844,25,22.46,-1.28,28.98
101282892,25,22.46,-1.28,28.82
101343932,25,22.46,-1.28,28.90
101404984,25,22.46,-1.28,28.99
101466020,25,22.46,-1.28,28.90
101527064,25,22.46,-1.28,28.89
101588104,25,22.46,-1.28,28.80
101649140,25,22.46,-1.28,28.76
101710204,25,22.46,-1.28,28.84
101771248,25,22.46,-1.28,29.02
101832300,25,22.46,-1.28,29.06
101893348,25,23.04,-1.28,28.97
101954396,25,23.04,-1.28,28.85
102015456,25,23.04,-1.28,28.89
102076508,25,23.04,-1.28,29.01
102137548,25,23.04,-1.28,29.03
102198608,25,23.04,-1.28,28.92
102259660,25,23.04,-1.28,28.91
102320716,25,23.04,-1.28,28.94
102381768,25,23.04,-1.28,28.94
102442816,25,23.04,-1.28,29.02
102503864,25,23.04,-1.28,29.02
102564912,25,23.04,-1.28,29.05
102625960,25,23.04,-1.28,29.00
102687028,25,23.04,0.41,28.98
102748056,25,23.04,2.62,29.01
102809128,25,23.04,1.51,29.16
102870168,25,23.04,-0.94,29.06
102931224,25,23.04,-1.63,28.98
102992288,25,23.04,-1.63,29.12
103053336,25,23.04,-1.63,28.95
103114384,25,23.04,-1.63,29.08
103175436,25,23.04,-1.63,28.90
103236484,25,23.04,-1.63,29.10
103297528,25,23.04,-1.63,29.18
103358584,25,23.04,-1.63,29.07
103419628,25,23.04,-1.63,29.19
103480680,25,23.04,-1.63,29.19
103541724,25,23.04,-1.07,29.07
103602776,25,23.04,-1.07,29.15
103663824,25,23.04,-1.07,29.05
103724868,25,23.04,-1.07,29.11
103785916,25,23.04,-1.07,29.15
103846960,25,23.04,-1.07,29.27
103908008,25,23.04,-1.07,29.13
103969064,25,23.04,-1.07,29.14
104030104,25,23.04,-1.07,29.14
104091160,25,23.04,-1.07,29.25
104152200,25,23.04,-1.07,29.23
104213228,25,23.04,-1.07,29.11
104274264,25,23.04,-1.07,29.14
104335296,25,23.04,-1.07,29.23
104396340,25,23.04,-1.07,29.29
104457376,25,23.04,-1.07,29.34
104518400,25,23.04,-1.07,29.22
104579428,25,23.04,-1.07,29.28
104640444,25,23.04,-1.07,29.25
104701472,25,23.04,-1.07,29.17
104762496,25,23.04,-1.07,29.26
104823508,25,23.04,-1.07,29.28
104884540,25,23.04,-1.07,29.29
104945548,25,23.04,-1.07,29.28
105006576,25,23.04,-1.07,29.11
105067608,25,23.04,-1.07,29.35
105128644,25,23.04,-1.07,29.32
105189680,25,23.04,-1.07,29.36
105250716,25,23.04,-1.07,29.37
105311764,25,23.04,0.44,29.27
105372788,25,23.04,2.76,29.52
105433844,25,23.04,1.61,29.43
105494876,25,23.04,-0.87,29.34
105555916,25,23.04,-1.54,29.40
105616960,25,23.04,-1.54,29.25
105677996,25,23.04,-1.54,29.43
105739028,25,23.04,-1.54,29.50
105800076,25,23.04,-1.54,29.38
105861124,25,23.04,-1.54,29.38
105922176,25,23.04,-1.54,29.42
105983228,25,23.04,-1.54,29.53
106044268,25,23.04,-1.54,29.49
106105324,25,23.04,-1.54,29.54
106166376,25,23.04,-1.54,29.40
106227424,25,23.55,-1.54,29.65
106288488,25,23.55,-1.54,29.59
106349532,25,23.55,-1.54,29.63
106410596,25,23.55,-1.54,29.45
106471640,25,23.55,-1.54,29.66
106532692,25,23.55,-1.54,29.50
106593732,25,23.55,-1.54,29.52
106654784,25,23.55,-1.54,29.67
106715832,25,23.55,-1.54,29.39
106776888,25,23.55,-1.54,29.55
106837924,25,23.55,-1.54,29.66
106898996,25,23.55,-1.54,29.58
106960044,25,23.55,-1.54,29.68
107021080,25,23.55,-1.54,29.69
107082136,25,23.55,-1.54,29.68
107143184,25,23.55,-1.54,29.75
107204228,25,23.55,-1.54,29.64
107265280,25,23.55,-1.54,29.84
107326328,25,23.55,-1.54,29.65
107387388,25,23.55,-1.54,29.59
107448432,25,23.55,-1.00,29.89
107509472,25,23.55,-1.00,29.78
107570528,25,23.55,-1.00,29.74
107631568,25,23.55,-1.00,29.90
107692620,25,23.55,-1.00,29.66
107753668,25,23.55,-1.00,29.86
107814712,25,23.55,-1.00,29.80
107875756,25,23.55,-1.00,29.74
107936808,25,23.55,-1.00,29.78
107997844,25,23.55,-1.00,29.98
108058904,25,23.55,-1.00,29.78
108119940,25,23.55,-1.00,29.84
108180992,25,23.55,-1.00,29.92
108242040,25,23.55,-1.00,29.83
108303084,25,23.55,-1.00,30.00
108364148,25,23.55,-1.00,29.77
108425184,25,23.55,-1.00,29.83
108486232,25,23.55,-1.00,29.90
108547284,25,23.55,-1.00,30.07
108608312,25,24.07,-1.00,30.05
108669344,25,24.07,-1.00,29.90
108730380,25,24.07,-1.00,29.91
108791412,25,24.07,-1.00,29.93
108852440,25,24.07,-1.00,30.10
108913464,25,24.07,-1.00,29.86
108974524,25,24.07,-1.00,29.94
109035572,25,24.07,-1.00,29.93
109096604,25,24.07,-1.00,29.87
109157644,25,24.07,-1.00,30.11
109218664,25,24.07,-1.00,30.09
109279708,25,24.07,-1.00,29.90
109340760,25,24.07,-1.00,30.03
109401772,25,24.07,-1.00,30.02
109462816,25,24.07,-1.00,30.13
109523840,25,24.07,-1.00,29.99
109584892,25,24.07,-1.00,30.25
109645916,25,24.07,-1.00,30.12
109706944,25,24.07,-1.00,30.11
109767984,25,24.07,-1.00,30.11
109829012,25,24.07,-1.00,30.12
109890040,25,24.07,-1.00,30.03
109951060,25,24.07,-1.00,30.11
110012088,25,24.07,-1.00,30.20
110073132,25,24.07,-1.00,30.21
110134164,25,24.07,-1.00,30.10
110195216,25,24.07,-1.00,30.26
110256268,25,24.07,-1.00,30.03
110317304,25,24.07,-1.00,30.18
110378360,25,24.07,-1.00,30.03
110439388,25,24.07,-1.00,30.20
110500440,25,24.59,-1.00,30.18
110561472,25,24.59,-1.00,30.11
110622500,25,24.59,-1.00,30.46
110683540,25,24.59,-1.00,30.36
110744576,25,24.59,-1.00,30.13
110805616,25,24.59,-1.00,30.33
110866656,25,24.59,-1.00,30.30
110927684,25,24.59,-1.00,30.17
110988744,25,24.59,-1.00,30.39
111049792,25,24.59,-1.00,30.24
111110836,25,24.59,-1.00,30.29
111171888,25,24.59,-1.00,30.31
111232928,25,24.59,-1.00,30.30
111293980,25,24.59,-1.00,30.52
111355028,25,24.59,-1.00,30.28
111416068,25,24.59,-1.00,30.39
111477112,25,24.59,-1.00,30.37
111538152,25,24.59,-1.00,30.18
111599208,25,24.59,-1.00,30.36
111660252,25,24.59,-1.00,30.30
111721288,25,24.59,-1.00,30.30
111782340,25,24.59,-1.00,30.42
111843384,25,24.59,-1.00,30.32
111904424,25,24.59,-1.00,30.40
111965472,25,24.59,-1.00,30.36
112026520,25,24.59,-1.00,30.46
112087568,25,24.59,-1.00,30.29
112148628,25,24.59,-1.00,30.42
112209664,25,24.59,-1.00,30.48
112270716,25,24.59,-1.00,30.43
112331760,25,24.59,-1.00,30.45
112392816,25,24.59,-1.00,30.45
112453860,25,24.59,-1.00,30.55
112514900,25,24.59,0.71,30.45
112575936,25,24.59,3.01,30.48
112636996,25,24.59,1.96,30.42
112698028,25,24.59,-0.49,30.37
112759088,25,24.59,-1.24,30.50
112820128,25,24.59,-1.24,30.53
112881176,25,24.59,-1.24,30.46
112942216,25,24.59,-0.72,30.58
113003260,25,24.59,-0.72,30.47
113064300,25,24.59,-0.72,30.52
113125328,25,24.59,-0.72,30.47
113186364,25,24.59,-0.72,30.50
113247400,25,24.59,-0.72,30.59
113308428,25,24.59,-0.72,30.54
113369456,25,24.59,-0.72,30.60
113430492,25,24.59,-0.72,30.50
113491524,25,24.59,-0.72,30.55
113552552,25,24.59,-0.72,30.49
113613588,25,24.59,-0.72,30.54
113674624,25,24.59,-0.72,30.61
113735656,25,24.59,-0.72,30.67
113796712,25,25.10,-0.72,30.71
113857756,25,25.10,-0.72,30.52
113918796,25,25.10,-0.72,30.61
113979844,25,25.10,-0.72,30.76
114040892,25,25.10,-0.72,30.70
114101944,25,25.10,-0.72,30.68
114162996,25,25.10,-0.72,30.69
114224036,25,25.10,-0.72,30.62
114285084,25,25.10,-0.72,30.73
114346132,25,25.10,-0.72,30.94
114407172,25,25.10,-0.72,30.80
114468228,25,25.10,-0.72,30.72
114529268,25,25.10,-0.72,30.68
114590328,25,25.10,-0.72,30.62
114651368,25,25.10,-0.72,30.80
114712420,25,25.10,-0.72,30.89
114773464,25,25.10,-0.72,30.73
114834512,25,25.10,-0.72,30.88
114895552,25,25.10,-0.72,30.75
114956596,25,25.10,-0.72,30.92
115017612,25,25.10,-0.72,30.79
115078636,25,25.10,-0.72,30.93
115139656,25,25.10,-0.72,30.92
115200672,25,25.10,-0.72,30.81
115261696,25,25.10,-0.72,30.82
115322720,25,25.10,-0.72,30.73
115383764,25,25.10,-0.72,30.96
115444796,25,25.10,-0.72,30.88
115505812,25,25.10,-0.72,30.91
115566852,25,25.10,-0.72,30.89
115627880,25,25.10,-0.72,31.04
115688908,25,25.10,-0.72,30.84
115749944,25,25.10,-0.72,30.91
115810960,25,25.10,-0.72,30.82
115872008,25,25.10,-0.72,30.95
115933048,25,25.10,-0.72,30.90
115994104,25,25.10,-0.72,31.02
116055136,25,25.10,-0.72,31.00
116116172,25,25.10,-0.72,31.04
116177228,25,25.10,-0.72,31.03
116238264,25,25.10,-0.72,30.96
116299312,25,25.10,-0.72,31.00
116360336,25,25.60,-0.72,30.97
116421372,25,25.60,-0.72,31.11
116482404,25,25.60,-0.72,30.96
116543436,25,25.60,-0.72,31.08
116604472,25,25.60,-0.72,31.11
116665504,25,25.60,-0.72,31.06
116726532,25,25.60,-0.72,30.99
116787584,25,25.60,-0.72,31.17
116848604,25,25.60,-0.72,30.97
116909648,25,25.60,-0.72,31.02
116970668,25,25.60,-0.72,31.13
117031688,25,25.60,-0.72,31.12
117092740,25,25.60,-0.72,31.31
117153784,25,25.60,-0.72,31.16
117214836,25,25.60,-0.72,31.05
117275884,25,25.60,-0.72,31.15
117336924,25,25.60,-0.72,31.18
117397972,25,25.60,-0.72,31.12
117459020,25,25.60,-0.72,30.97
117520068,25,25.60,-0.72,31.13
117581120,25,25.60,-0.72,31.09
117642164,25,25.60,-0.72,30.92
117703220,25,25.60,-0.72,31.07
117764264,25,25.60,-0.72,30.82
117825312,25,25.60,-0.72,31.00
117886364,25,26.15,-0.72,30.87
117947420,25,26.15,-0.72,31.07
118008456,25,26.15,-0.72,30.95
118069504,25,26.15,-0.72,31.01
118130516,25,26.15,-0.72,30.96
118191556,25,26.15,-0.72,30.96
118252572,25,26.15,-0.72,30.88
118313592,25,26.15,-0.72,31.09
118374616,25,26.15,-0.72,31.04
118435628,25,26.15,1.03,31.08
118496648,25,26.15,3.28,31.14
118557676,25,26.15,2.18,30.84
118618704,25,26.15,-0.26,31.05
118679736,25,26.15,-0.94,30.86
118740784,25,26.15,-0.94,30.92
118801820,25,26.15,-0.94,31.00
118862856,25,26.15,-0.94,30.94
118923888,25,26.15,-0.94,31.21
118984908,25,26.15,-0.94,31.06
119045936,25,26.15,-0.94,31.09
119106976,25,26.15,-0.35,31.17
119168020,25,26.15,-0.35,31.25
119229048,25,26.15,-0.35,31.02
119290096,25,26.15,-0.35,31.13
119351140,25,26.15,-0.35,31.31
119412192,25,26.15,-0.35,31.23
119473236,25,26.15,-0.35,31.34
119534276,25,26.15,-0.35,31.16
119595324,25,26.15,-0.35,31.20
119656360,25,26.15,-0.35,31.27
119717416,25,26.15,-0.35,31.18
119778468,25,26.15,-0.35,31.11
119839512,25,26.15,-0.35,31.14
119900568,25,26.71,-0.35,31.18
119961624,25,26.71,-0.35,31.21
120022664,25,26.71,-0.35,31.32
120083720,25,26.71,-0.35,31.33
120144776,25,26.71,-0.35,31.20

























































180206720,38,22.05,-1.22,-0.45
180264004,38,11.06,-2.73,-0.21
180325024,38,3.28,-3.75,-0.17
180386052,38,2.56,-3.75,-0.07
180447064,38,3.76,-3.75,-0.05
180508088,38,4.34,-3.75,0.08
180569104,38,4.34,-3.75,0.22
180630124,38,4.34,-3.75,0.37
180691168,38,4.34,-3.75,0.52
180752188,38,4.34,-3.75,0.46
180813236,38,4.34,-3.18,0.71
180874264,38,4.34,-3.18,0.92
180935288,38,4.34,-3.18,0.95
180996328,38,4.34,-3.18,1.03
181057356,38,4.34,-3.18,1.31
181118400,38,4.34,-3.18,1.43
181179440,38,4.34,-3.18,1.47
181240468,38,4.34,-3.18,1.61
181301504,38,4.34,-3.18,1.84
181362536,38,4.34,-3.18,1.93
181423568,38,4.34,-3.18,1.99
181484604,38,4.34,-3.18,2.13
181545632,38,4.34,-3.18,2.27
181606672,38,4.34,-3.18,2.44
181667704,38,4.34,-3.18,2.48
181728756,38,4.34,-3.18,2.70
181789788,38,4.34,-3.18,2.78
181850816,38,4.34,-3.18,2.66
181911864,38,4.34,-3.18,2.87
181972892,38,4.34,-3.18,3.02
182033924,38,4.34,-3.18,3.10
182094952,38,4.34,-3.18,3.19
182155980,38,4.34,-3.18,3.39
182217020,38,4.34,-3.18,3.53
182278044,38,4.34,-3.18,3.59
182339080,38,4.34,-3.18,3.69
182400116,38,4.34,-3.18,3.73
182461140,38,4.84,-3.18,3.69
182522196,38,4.84,-3.18,3.95
182583220,38,4.84,-3.18,4.05
182644256,38,4.84,-3.18,4.19
182705292,38,4.84,-3.18,4.24
182766316,38,4.84,-3.18,4.42
182827348,38,4.84,-3.18,4.42
182888360,38,4.84,-3.18,4.76
182949384,38,4.84,-3.18,4.63
183010400,38,4.84,-3.18,4.90
183071424,38,4.84,-3.18,4.98
183132452,38,4.84,-3.18,5.00
183193464,38,4.84,-3.18,5.27
183254488,38,4.84,-3.18,5.24
183315500,38,4.84,-3.18,5.35
183376512,38,4.84,-3.18,5.52
183437556,38,4.84,-3.18,5.62
183498604,38,4.84,-3.18,5.68
183559660,38,4.84,-3.18,5.96
183620708,38,5.39,-3.18,5.95
183681752,38,5.39,-3.18,6.18
183742800,38,5.39,-3.18,6.44
183803848,38,5.39,-3.18,6.60
183864900,38,5.39,-3.18,6.62
183925944,38,5.39,-3.18,6.71
183986992,38,5.39,-3.18,6.88
184048052,38,5.39,-3.18,6.95
184109092,38,5.39,-3.18,7.20
184170128,38,5.39,-3.18,7.30
184231184,38,5.39,-3.18,7.54
184292228,38,5.92,-3.18,7.51
184353276,38,5.92,-3.18,7.72
184414320,38,5.92,-3.18,7.79
184475364,38,5.92,-3.18,8.20
184536408,38,5.92,-3.18,8.29
184597452,38,5.92,-3.18,8.45
184658504,38,5.92,-3.18,8.57
184719552,38,5.92,-3.18,8.74
184780592,38,5.92,-3.18,9.00
184841652,38,5.92,-3.18,9.11
184902676,38,5.92,-3.18,9.29
184963724,38,5.92,-3.18,9.41
185024760,38,6.48,-3.18,9.66
185085792,38,6.48,-3.18,9.70
185146832,38,6.48,-3.18,10.01
185207864,38,6.48,-3.18,10.07
185268884,38,6.48,-3.18,10.49
185329932,38,6.48,-1.10,10.64
185390948,38,6.48,1.20,10.88
185451996,38,6.48,0.01,10.99
185513032,38,7.06,-2.59,11.24
185574092,38,7.06,-3.34,11.24
185635136,38,7.06,-3.34,11.65
185696168,38,7.06,-2.75,11.87
185757216,38,7.06,-2.75,12.12
185818256,38,7.06,-2.75,12.05
185879292,38,7.59,-2.75,12.20
185940348,38,7.59,-2.75,12.78
186001396,38,7.59,-2.75,12.56
186062444,38,7.59,-2.75,12.96
186123488,38,7.59,-2.75,13.24
186184524,38,7.59,-2.75,13.51
186245576,38,8.19,-2.75,13.55
186306624,38,8.19,-2.75,13.97
186367672,38,8.19,-2.75,13.97
186428716,38,8.19,-2.75,14.17
186489752,38,8.19,-2.75,14.43
186550804,38,8.70,-2.75,14.72
186611852,38,8.70,-2.75,14.67
186672888,38,8.70,-2.75,15.11
186733940,38,8.70,-2.75,15.36
186794988,38,8.70,-2.75,15.42
186856040,38,8.70,-2.75,15.78
186917108,38,9.36,-2.75,15.88
186978152,38,9.36,-2.75,16.22
187039200,38,9.36,-2.75,16.38
187100256,38,9.36,-2.75,16.73
187161296,38,9.36,-2.75,16.62
187222356,38,9.36,-2.75,16.77
187283412,38,9.36,-2.75,17.07
187344464,38,9.96,-2.75,17.41
187405520,38,9.96,-2.75,17.45
187466572,38,9.96,-3.25,17.84
187527624,38,10.46,-3.25,17.87
187588676,38,10.46,-3.25,18.28
187649724,38,10.46,-3.25,18.37
187710780,38,10.46,-3.25,18.59
187771828,38,10.46,-3.25,18.80
187832884,38,10.98,-3.25,19.05
187893936,38,10.98,-3.25,19.25
187954976,38,10.98,-3.25,19.45
188016032,38,10.98,-3.25,19.71
188077080,38,11.58,-3.25,19.85
188138124,38,11.58,-3.25,19.90
188199172,38,11.58,-3.25,20.18
188260196,38,11.58,-3.25,20.48
188321244,38,11.58,-3.25,20.35
188382276,38,11.58,-3.25,20.74
188443308,38,12.09,-3.25,20.96
188504344,38,12.09,-3.25,21.12
188565368,38,12.60,-3.25,21.16
188626416,38,12.60,-3.25,21.58
188687456,38,12.60,-3.25,21.55
188748484,38,12.60,-3.25,21.85
188809536,38,12.60,-3.25,21.99
188870568,38,13.14,-3.25,22.32
188931592,38,13.14,-3.25,22.27
188992640,38,13.14,-3.25,22.44
189053680,38,13.14,-3.25,22.73
189114736,38,13.14,-3.25,22.79
189175784,38,13.72,-3.25,22.95
189236840,38,13.72,-3.25,23.23
189297888,38,13.72,-3.25,23.21
189358932,38,13.72,-3.25,23.48
189419992,38,13.72,-3.25,23.72
189481040,38,13.72,-3.25,23.84
189542076,38,14.36,-3.25,24.02
189603112,38,14.36,-3.25,24.28
189664148,38,14.36,-3.25,24.25
189725184,38,14.36,-3.25,24.34
189786236,38,14.36,-3.25,24.51
189847276,38,14.36,-3.25,24.70
189908340,38,14.91,-3.25,24.94
189969372,38,14.91,-3.25,25.06
190030412,38,14.91,-3.25,25.23
190091440,38,14.91,-3.25,25.36
190152476,38,14.91,-3.25,25.60
190213520,38,14.91,-3.25,25.64
190274548,38,14.91,-3.25,25.85
190335592,38,14.91,-3.25,25.84
190396636,38,15.64,-3.25,26.24
190457684,38,15.64,-3.25,26.27
190518740,38,15.64,-3.25,26.46
190579792,38,15.64,-2.59,26.59
190640844,38,16.16,-2.59,26.65
190701896,38,16.16,-2.59,26.83
190762932,38,16.16,-2.59,26.96
190823992,38,16.16,-2.59,27.26
190885048,38,16.16,-2.59,27.25
190946088,38,16.16,-2.59,27.32
191007144,38,16.74,-2.59,27.74
191068196,38,16.74,-2.59,27.81
191129244,38,16.74,-2.59,27.83
191190308,38,16.74,-2.59,28.01
191251352,38,17.33,-2.59,28.18
191312408,38,17.33,-2.59,28.34
191373468,38,17.33,-2.59,28.34
191434508,38,17.33,-2.59,28.43
191495564,38,17.33,-2.59,28.61
191556616,38,17.33,-2.59,28.80
191617676,38,17.97,-2.59,28.95
191678728,38,17.97,-2.59,29.07
191739764,38,17.97,-2.59,29.28
191800824,38,17.97,-2.59,29.30
191861868,38,18.48,-2.59,29.41
191922900,38,18.48,-2.59,29.57
191983956,38,18.48,-2.59,29.68
192045004,38,18.48,-2.59,29.80
192106060,38,18.48,-2.59,29.90
192167116,38,18.48,-2.59,29.99
192228160,38,18.99,-2.59,30.03
192289204,38,18.99,-2.59,30.28
192350252,38,18.99,-2.59,30.33
192411296,38,18.99,-2.59,30.46
192472356,38,18.99,-2.59,30.48
192533404,38,19.55,-2.59,30.69
192594456,38,19.55,-2.59,30.93
192655504,38,19.55,-2.59,30.98
192716552,38,19.55,-2.59,31.04
192777604,38,19.55,-2.59,31.33
192838644,38,19.55,-2.59,31.33
192899704,38,20.09,-2.59,31.30
192960752,38,20.09,-2.59,31.46
193021800,38,20.09,-2.59,31.68
193082860,38,20.09,-2.59,31.72
193143900,38,20.09,-2.00,31.86
193204940,38,20.09,-2.00,32.04
193265984,38,20.09,-2.00,31.97
193327036,38,20.67,-2.61,32.21
193388092,38,20.67,-2.61,32.24
193449140,38,20.67,-2.61,32.31
193510180,38,20.67,-2.61,32.61
193571244,38,21.23,-2.61,32.74
193632288,38,21.23,-2.61,32.78
193693336,38,21.23,-2.61,32.86
193754392,38,21.23,-2.61,32.87
193815440,38,21.23,-2.61,32.96
193876504,38,21.84,-2.61,32.96
193937560,38,21.84,-2.61,33.05
193998596,38,21.84,-2.61,33.06
194059652,38,21.84,-2.61,33.08
194120696,38,22.38,-2.61,33.08
194181744,38,22.38,-2.61,33.37
194242796,38,22.38,-2.61,33.29
194303840,38,22.94,-2.61,33.32
194364900,38,22.94,-2.61,33.44
194425952,38,22.94,-2.61,33.45
194486996,38,22.94,-2.61,33.59
194548056,38,23.47,-2.61,33.65
194609096,38,23.47,-2.61,33.73
194670144,38,23.47,-2.61,33.75
194731200,38,23.47,-2.61,33.86
194792244,38,23.47,-2.61,33.77
194853300,38,23.99,-2.61,33.70
194914352,38,23.99,-2.61,33.79
194975400,38,23.99,-2.61,33.89
195036460,38,23.99,-2.61,34.12
195097496,38,23.99,-2.61,34.13
195158564,38,24.50,-2.61,34.18
195219608,38,24.50,-2.61,34.20
195280640,38,24.50,-2.61,34.21
195341684,38,24.50,-2.10,34.21
195402708,38,24.50,-2.10,34.35
195463752,38,24.50,-2.10,34.25
195524792,38,24.50,-2.10,34.41
195585820,38,25.03,-2.10,34.51
195646856,38,25.03,-2.10,34.51
195707884,38,25.03,-2.10,34.54
195768932,38,25.03,-2.10,34.36
195829968,38,25.03,-2.10,34.69
195891004,38,25.56,-2.10,34.68
195952056,38,25.56,-2.10,34.65
196013096,38,25.56,-2.10,34.70
196074148,38,25.56,-2.10,34.90
196135208,38,26.11,-2.10,34.53
196196244,38,26.11,-2.10,34.75
196257304,38,26.11,-2.10,34.68
196318356,38,26.11,-2.10,34.99
196379396,38,26.11,-2.10,34.99
196440460,38,26.73,-2.10,35.10
196501508,38,26.73,-2.10,35.16
196562560,38,26.73,-2.10,35.30
196623612,38,26.73,-2.10,35.27
196684652,38,26.73,-2.10,35.41
196745712,38,26.73,-2.10,35.36
196806776,38,27.27,-2.10,35.75
196867820,38,27.27,-2.10,35.65
196928876,38,27.27,-2.10,35.71
196989920,38,27.27,-2.10,35.58
197050976,38,27.27,-2.10,35.76
197112024,38,27.27,-2.10,35.84
197173064,38,27.27,-2.10,35.99
197234128,38,27.27,-2.10,35.94
197295180,38,27.82,-2.10,36.11
197356220,38,27.82,-1.59,36.09
197417272,38,27.82,-1.59,36.20
197478328,38,27.82,-1.59,36.26
197539380,38,27.82,-1.59,36.24
197600432,38,27.82,-1.59,36.30
197661472,38,27.82,-0.92,36.34
197722532,38,28.34,-0.92,36.52
197783580,38,28.34,-0.92,36.62
197844624,38,28.34,-1.43,36.49
197905692,38,28.34,-1.43,36.68
197966736,38,28.34,-1.43,36.68
198027792,38,28.34,-1.43,36.81
198088836,38,28.34,-1.43,36.66
198149880,38,28.34,-1.43,36.77
198210932,38,28.34,-1.43,36.97
198271968,38,28.85,-1.43,37.07
198333012,38,28.85,-1.43,36.98
198394048,38,28.85,-1.43,37.10
198455072,38,28.85,-1.43,37.27
198516124,38,28.85,-1.43,37.12
198577168,38,28.85,-1.43,37.33
198638208,38,28.85,-1.43,37.32
198699268,38,28.85,-1.43,37.59
198760320,38,28.85,-1.43,37.48
198821368,38,28.85,-1.43,37.55
198882420,38,28.85,-1.43,37.60
198943464,38,28.85,-1.43,37.58
199004528,38,29.45,-1.43,37.66
199065572,38,29.45,-1.43,37.76
199126632,38,29.45,-1.43,37.82
199187672,38,29.45,-1.43,38.08
199248720,38,29.45,-1.43,37.98
199309776,38,29.45,-1.43,38.01
199370820,38,30.00,-1.43,38.13
199431876,38,30.00,-1.43,38.21
199492932,38,30.00,-1.43,38.28
199553972,38,30.00,-1.43,38.41
199615032,38,30.00,-1.43,38.33
199676080,38,30.00,-0.90,38.29
199737128,38,30.00,-0.90,38.35
199798188,38,30.00,-0.90,38.44
199859236,38,30.00,-0.90,38.55

























































259921188,51,25.10,-1.49,-0.72
259983844,51,12.02,-3.29,-0.57
260044892,51,2.66,-4.66,-0.39
260105924,51,1.79,-4.66,-0.33
260166960,51,3.40,-4.66,-0.06
260228000,51,4.22,-4.66,0.06
260289032,51,4.22,-4.66,0.19
260350084,51,4.22,-4.66,0.43
260411120,51,4.22,-4.66,0.78
260472172,51,4.22,-4.66,0.62
260533212,51,4.22,-4.66,1.03
260594272,51,4.22,-4.66,1.16
260655340,51,4.22,-4.66,1.46
260716392,51,4.22,-4.66,1.60
260777452,51,4.22,-4.66,1.69
260838520,51,4.22,-4.66,1.89
260899576,51,4.22,-4.66,2.03
260960636,51,4.22,-4.66,2.33
261021688,51,4.22,-4.66,2.50
261082740,51,4.22,-4.66,2.53
261143796,51,4.22,-4.66,2.71
261204844,51,4.22,-4.66,2.85
261265892,51,4.22,-4.66,3.11
261326928,51,4.22,-4.66,3.20
261387984,51,4.22,-4.66,3.32
261449048,51,4.22,-4.66,3.62
261510100,51,4.22,-4.66,3.74
261571172,51,4.22,-4.66,4.02
261632224,51,4.22,-4.66,3.85
261693280,51,4.22,-4.13,4.23
261754332,51,4.22,-4.13,4.45
261815392,51,4.22,-4.13,4.51
261876440,51,4.22,-4.13,4.70
261937504,51,4.75,-4.13,4.90
261998568,51,4.75,-4.13,5.16
262059636,51,4.75,-4.13,5.11
262120692,51,4.75,-4.13,5.48
262181752,51,4.75,-4.13,5.62
262242808,51,4.75,-4.13,6.01
262303860,51,4.75,-4.13,6.14
262364900,51,4.75,-4.13,6.38
262425964,51,4.75,-4.13,6.43
262487008,51,5.31,-4.13,6.76
262548072,51,5.31,-4.13,7.13
262609120,51,5.31,-3.58,7.22
262670176,51,5.31,-3.58,7.33
262731244,51,5.31,-3.58,7.68
262792300,51,5.31,-3.58,8.01
262853344,51,5.31,-3.58,8.02
262914412,51,5.31,-3.58,8.49
262975464,51,5.84,-3.58,8.74
263036524,51,5.84,-3.58,8.88
263097584,51,5.84,-3.58,9.21
263158636,51,5.84,-3.58,9.59
263219704,51,5.84,-3.58,10.01
263280756,51,6.36,-3.58,10.32
263341812,51,6.36,-3.58,10.65
263402876,51,6.36,-3.58,10.96
263463932,51,6.36,-3.58,11.37
263524992,51,6.88,-3.58,11.68
263586052,51,6.88,-3.58,12.08
263647096,51,6.88,-3.58,12.47
263708152,51,6.88,-3.58,12.70
263769204,51,7.50,-3.58,13.09
263830248,51,7.50,-3.58,13.54
263891300,51,7.50,-3.58,13.77
263952344,51,7.50,-3.58,14.32
264013396,51,8.06,-3.58,14.47
264074440,51,8.06,-3.58,14.90
264135496,51,8.06,-3.58,15.56
264196548,51,8.61,-3.58,15.80
264257596,51,8.61,-3.58,16.21
264318636,51,8.61,-3.58,16.56
264379696,51,9.21,-3.58,16.96
264440740,51,9.21,-3.58,17.51
264501792,51,9.21,-3.58,17.82
264562844,51,9.85,-3.58,18.11
264623880,51,9.85,-3.58,18.48
264684928,51,9.85,-3.58,18.87
264745960,51,10.50,-3.58,19.33
264807000,51,10.50,-3.58,19.48
264868040,51,10.50,-3.58,20.26
264929064,51,11.15,-3.58,20.56
264990116,51,11.15,-3.58,20.93
265051160,51,11.15,-3.58,21.12
265112200,51,11.86,-3.58,21.74
265173260,51,11.86,-3.58,22.13
265234300,51,12.48,-3.58,22.39
265295360,51,12.48,-3.58,22.70
265356408,51,12.48,-3.58,23.26
265417444,51,13.18,-3.58,23.39
265478504,51,13.18,-3.58,23.80
265539536,51,13.18,-3.58,24.17
265600588,51,13.87,-3.58,24.56
265661644,51,13.87,-3.58,25.07
265722684,51,13.87,-3.58,25.34
265783740,51,14.52,-3.58,25.76
265844800,51,14.52,-3.58,26.15
265905840,51,15.15,-3.58,26.64
265966896,51,15.15,-3.58,26.97
266027948,51,15.15,-3.58,27.26
266089008,51,15.84,-3.58,27.80
266150072,51,15.84,-3.58,28.09
266211108,51,16.50,-3.58,28.46
266272168,51,16.50,-3.58,28.72
266333228,51,16.50,-3.58,29.20
266394276,51,17.23,-3.58,29.62
266455344,51,17.23,-3.58,29.78
266516388,51,17.84,-3.58,30.19
266577444,51,17.84,-3.58,30.73
266638492,51,18.59,-3.58,31.15
266699544,51,18.59,-3.58,31.52
266760600,51,18.59,-3.58,31.79
266821664,51,18.59,-3.58,32.23
266882708,51,19.37,-3.58,32.57
266943764,51,19.37,-3.58,33.10
267004812,51,19.87,-3.58,33.13
267065876,51,19.87,-3.58,33.44
267126924,51,19.87,-3.58,33.61
267187976,51,20.61,-3.58,34.09
267249024,51,20.61,-3.58,34.36
267310076,51,20.61,-3.58,34.77
267371132,51,21.38,-3.58,35.07
267432188,51,21.38,-3.58,35.21
267493224,51,22.04,-3.58,35.60
267554284,51,22.04,-3.58,35.84
267615340,51,22.04,-3.58,35.92
267676392,51,22.72,-3.58,36.36
267737452,51,22.72,-3.58,36.22
267798496,51,23.43,-3.58,36.22
267859568,51,23.43,-3.58,36.42
267920628,51,23.93,-3.58,36.46
267981684,51,23.93,-3.58,36.65
268042744,51,23.93,-3.58,36.97
268103796,51,24.50,-3.58,37.02
268164832,51,24.50,-3.58,37.04
268225892,51,24.50,-3.58,37.18
268286936,51,24.50,-3.58,37.43
268347988,51,25.10,-3.58,37.56
268409032,51,25.10,-3.58,37.73
268470072,51,25.10,-3.58,37.90
268531128,51,25.70,-3.58,38.15
268592156,51,25.70,-3.58,38.34
268653196,51,25.70,-3.58,38.31
268714236,51,25.70,-3.58,38.54
268775276,51,26.36,-3.58,38.63
268836332,51,26.36,-3.58,38.66
268897372,51,26.36,-3.58,38.91
268958412,51,26.36,-3.58,39.18
269019452,51,27.05,-3.58,39.31
269080476,51,27.05,-3.58,39.17
269141520,51,27.05,-3.58,39.60
269202564,51,27.05,-3.58,39.61
269263592,51,27.56,-3.58,39.88
269324644,51,27.56,-3.58,39.99
269385688,51,27.56,-3.58,40.22
269446716,51,28.11,-3.58,40.19
269507748,51,28.11,-3.58,40.46
269568784,51,28.11,-3.58,40.47
269629820,51,28.11,-3.58,40.64
269690856,51,28.11,-2.99,40.82
269751908,51,28.67,-2.99,40.81
269812948,51,28.67,-2.99,41.06
269873980,51,29.17,-2.99,41.10
269935028,51,29.17,-2.99,41.29
269996060,51,29.17,-2.99,41.44
270057096,51,29.71,-2.99,41.56
270118132,51,29.71,-2.99,41.59
270179168,51,29.71,-2.99,41.65
270240212,51,29.71,-2.99,41.90

























































330302180,64,24.82,-2.99,-0.79
330361044,64,11.72,-4.62,-0.70
330422056,64,2.40,-5.39,-0.54
330483084,64,1.53,-5.39,-0.29
330544100,64,3.10,-5.39,-0.05
330605160,64,3.84,-5.39,0.23
330666192,64,3.84,-5.39,0.25
330727216,64,3.84,-5.39,0.56
330788260,64,3.84,-5.39,0.89
330849312,64,3.84,-5.39,1.12
330910340,64,3.84,-5.39,1.25
330971396,64,3.84,-5.39,1.64
331032440,64,3.84,-5.39,1.75
331093476,64,3.84,-5.39,2.05
331154516,64,3.84,-5.39,2.13
331215548,64,3.84,-5.39,2.45
331276588,64,3.84,-5.39,2.50
331337616,64,3.84,-5.39,2.76
331398652,64,3.84,-5.39,3.00
331459692,64,3.84,-5.39,3.33
331520712,64,3.84,-5.39,3.20
331581748,64,3.84,-5.39,3.74
331642772,64,3.84,-5.39,3.99
331703824,64,3.84,-5.39,4.00
331764844,64,4.36,-5.39,4.33
331825872,64,4.36,-4.85,4.53
331886912,64,4.36,-4.85,4.76
331947936,64,4.36,-4.85,4.92
332008984,64,4.36,-4.85,5.29
332070008,64,4.36,-4.85,5.49
332131028,64,4.36,-4.85,5.82
332192056,64,4.36,-4.85,6.00
332253092,64,4.36,-4.85,6.38
332314144,64,4.94,-4.85,6.75
332375192,64,4.94,-4.85,7.01
332436220,64,4.94,-4.85,7.29
332497272,64,4.94,-4.85,7.63
332558304,64,4.94,-4.85,8.07
332619348,64,4.94,-4.85,8.39
332680392,64,4.94,-4.85,8.90
332741424,64,5.54,-4.85,8.99
332802480,64,5.54,-4.85,9.42
332863512,64,5.54,-4.85,9.97
332924548,64,5.54,-4.33,10.35
332985580,64,6.07,-4.33,10.98
333046612,64,6.07,-4.33,11.28
333107640,64,6.07,-4.33,11.94
333168672,64,6.07,-4.33,12.34
333229696,64,6.81,-4.33,12.98
333290748,64,6.81,-4.33,13.49
333351768,64,6.81,-4.33,13.95
333412808,64,7.47,-4.33,14.52
333473856,64,7.47,-4.33,15.16
333534900,64,7.47,-4.33,15.58
333595960,64,8.16,-4.33,16.25
333657000,64,8.16,-4.33,16.80
333718052,64,8.74,-4.33,17.53
333779104,64,8.74,-4.33,18.03
333840136,64,9.33,-4.33,18.65
333901188,64,9.33,-4.33,19.19
333962220,64,9.94,-4.33,19.85
334023280,64,9.94,-4.33,20.40
334084324,64,10.71,-4.33,20.94
334145364,64,10.71,-4.33,21.64
334206412,64,11.54,-4.33,22.12
334267464,64,11.54,-4.33,22.77
334328508,64,12.37,-4.33,23.35
334389560,64,12.37,-4.33,23.80
334450616,64,12.37,-4.33,24.37
334511660,64,13.23,-4.33,24.97
334572704,64,13.23,-4.33,25.50
334633756,64,13.96,-4.33,26.11
334694804,64,13.96,-4.33,26.66
334755860,64,14.81,-4.33,27.44
334816896,64,14.81,-4.33,27.85
334877948,64,15.62,-4.33,28.40
334938980,64,15.62,-4.33,28.98
335000024,64,16.38,-4.33,29.46
335061060,64,16.38,-4.33,29.95
335122088,64,17.08,-4.33,30.62
335183128,64,17.08,-4.33,30.99
335244172,64,17.90,-4.33,31.67
335305224,64,17.90,-4.33,32.30
335366268,64,18.74,-4.33,32.62
335427300,64,18.74,-4.33,33.29
335488340,64,19.59,-4.33,33.64
335549356,64,19.59,-4.33,34.29
335610380,64,20.31,-4.33,34.58
335671396,64,20.31,-4.33,35.01
335732404,64,21.18,-4.33,35.52
335793436,64,21.18,-4.33,35.98
335854452,64,22.03,-4.33,36.41
335915468,64,22.03,-4.33,36.71
335976488,64,22.75,-4.33,37.01
336037508,64,22.75,-4.33,37.21
336098528,64,23.63,-4.33,37.49
336159564,64,24.14,-4.33,37.88
336220600,64,24.14,-4.33,37.99
336281636,64,24.83,-4.33,38.32
336342672,64,24.83,-4.33,38.51
336403732,64,25.50,-4.33,38.82
336464776,64,25.50,-4.33,39.08
336525816,64,26.22,-4.33,39.20
336586848,64,26.22,-4.33,39.39
336647884,64,26.77,-4.33,39.60
336708936,64,26.77,-4.33,39.86
336769960,64,27.36,-4.33,40.10
336831000,64,27.36,-4.33,40.32
336892028,64,27.98,-4.33,40.75
336953064,64,27.98,-4.33,40.82
337014100,64,28.51,-4.33,40.98
337075132,64,28.51,-4.33,41.31
337136164,64,29.17,-4.33,41.62
337197208,64,29.17,-4.33,41.75
337258248,64,29.79,-4.33,41.76
337319308,64,29.79,-4.33,42.15
337380348,64,29.79,-4.33,42.27

























































397442312,76,25.11,-4.33,-0.88
397506156,76,11.71,-5.19,-0.81
397567192,76,2.15,-5.81,-0.60
397628228,76,1.31,-5.81,-0.32
397689256,76,2.88,-5.81,-0.09
397750332,76,3.60,-5.81,0.23
397811372,76,3.60,-5.81,0.74
397872444,76,3.60,-5.81,0.62
397933492,76,3.60,-5.81,1.11
397994548,76,3.60,-5.81,1.33
398055604,76,3.60,-5.81,1.60
398116664,76,3.60,-5.81,2.04
398177728,76,3.60,-5.81,2.23
398238784,76,3.60,-5.81,2.49
398299832,76,3.60,-5.81,2.74
398360896,76,3.60,-5.81,2.94
398421952,76,3.60,-5.81,3.23
398483008,76,3.60,-5.28,3.57
398544076,76,3.60,-5.28,3.77
398605128,76,4.13,-5.28,4.04
398666164,76,4.13,-5.28,4.24
398727220,76,4.13,-5.28,4.63
398788264,76,4.13,-5.28,4.88
398849336,76,4.13,-5.28,5.01
398910368,76,4.13,-5.28,5.51
398971436,76,4.13,-5.28,5.89
399032492,76,4.13,-5.28,6.17
399093540,76,4.13,-5.28,6.44
399154600,76,4.13,-5.28,6.95
399215652,76,4.63,-5.28,7.34
399276680,76,4.63,-5.28,7.70
399337732,76,4.63,-5.28,8.17
399398764,76,5.29,-5.28,8.65
399459804,76,5.29,-5.28,9.17
399520836,76,5.29,-5.28,9.91
399581880,76,5.29,-4.77,10.22
399642944,76,5.80,-4.77,10.84
399704000,76,5.80,-4.77,11.34
399765052,76,5.80,-4.77,12.01
399826104,76,6.39,-4.77,12.75
399887160,76,6.39,-4.77,13.47
399948220,76,6.95,-4.77,14.25
400009268,76,6.95,-4.77,14.88
400070316,76,7.63,-4.77,15.71
400131368,76,7.63,-4.77,16.49
400192420,76,8.23,-4.77,17.24
400253476,76,8.23,-4.77,17.93
400314532,76,8.94,-4.77,18.55
400375584,76,8.94,-4.77,19.28
400436656,76,9.58,-4.77,20.06
400497696,76,9.58,-4.77,20.92
400558752,76,10.54,-4.77,21.60
400619820,76,10.54,-4.77,22.31
400680864,76,11.49,-4.77,23.08
400741928,76,12.04,-4.77,23.80
400802988,76,12.57,-4.77,24.69
400864036,76,12.57,-4.77,25.39
400925096,76,13.44,-4.77,26.31
400986152,76,13.44,-4.77,27.06
401047192,76,14.46,-4.77,27.82
401108252,76,15.02,-4.77,28.48
401169284,76,15.53,-4.77,29.15
401230332,76,15.53,-4.77,29.85
401291376,76,16.51,-4.77,30.59
401352420,76,17.06,-4.77,31.27
401413480,76,17.64,-4.77,31.96
401474540,76,18.22,-4.77,32.85
401535596,76,18.73,-4.77,33.64
401596652,76,18.73,-4.77,34.27
401657704,76,19.68,-4.77,34.79
401718768,76,19.68,-4.77,35.41
401779812,76,20.74,-4.77,35.98
401840868,76,21.38,-4.77,36.76
401901924,76,22.04,-4.77,37.18
401962972,76,22.73,-4.77,37.78
402024044,76,23.39,-4.77,37.86
402085104,76,23.97,-4.77,38.19
402146152,76,24.51,-4.77,38.63
402207204,76,25.06,-4.77,38.90
402268264,76,25.62,-4.77,39.23
402329316,76,26.15,-4.77,39.46
402390376,76,26.15,-4.77,39.93
402451428,76,27.12,-4.77,40.23
402512472,76,27.12,-4.77,40.56
402573536,76,28.13,-4.77,41.00
402634584,76,28.13,-4.77,41.42
402695648,76,28.99,-4.77,41.64
402756716,76,28.99,-4.77,41.97
402817764,76,29.90,-4.77,42.28
402878812,76,29.90,-4.77,42.53

























































462940780,89,25.17,-4.77,-1.16
463005788,89,11.63,-5.36,-0.77
463066816,89,1.92,-5.92,-0.68
463127848,89,1.02,-5.92,-0.31
463188868,89,2.64,-5.92,0.06
463249916,89,3.42,-5.92,0.44
463310960,89,3.42,-5.92,0.75
463371992,89,3.42,-5.92,0.99
463433032,89,3.42,-5.92,1.40
463494060,89,3.42,-5.92,1.65
463555104,89,3.42,-5.92,2.09
463616148,89,3.42,-5.92,2.28
463677164,89,3.42,-5.38,2.66
463738196,89,3.42,-5.38,3.04
463799208,89,3.42,-5.38,3.32
463860244,89,3.42,-5.38,3.54
463921268,89,3.42,-5.38,3.90
463982292,89,3.42,-5.38,4.12
464043316,89,3.42,-5.38,4.34
464104348,89,3.92,-5.38,4.83
464165396,89,3.92,-5.38,5.03
464226432,89,3.92,-5.38,5.82
464287472,89,3.92,-5.38,6.13
464348508,89,3.92,-5.38,6.59
464409544,89,4.48,-5.38,6.92
464470596,89,4.48,-5.38,7.64
464531628,89,4.48,-5.38,8.11
464592656,89,4.48,-5.38,8.63
464653700,89,5.03,-4.85,9.12
464714740,89,5.03,-4.85,9.90
464775800,89,5.03,-4.85,10.48
464836848,89,5.72,-4.85,11.37
464897896,89,5.72,-4.85,12.25
464958952,89,5.72,-4.85,13.00
465019996,89,6.47,-4.85,13.70
465081052,89,6.47,-4.85,14.80
465142116,89,7.33,-4.85,15.66
465203152,89,7.33,-4.85,16.70
465264200,89,8.01,-4.85,17.76
465325244,89,8.01,-4.85,18.64
465386284,89,8.97,-4.85,19.59
465447356,89,8.97,-4.85,20.24
465508396,89,9.91,-4.85,21.24
465569432,89,10.42,-4.85,22.36
465630500,89,10.95,-4.85,23.44
465691552,89,11.55,-4.85,24.36
465752604,89,12.26,-4.85,25.29
465813656,89,12.94,-4.85,26.43
465874704,89,13.55,-4.85,27.53
465935752,89,14.17,-4.85,28.46
465996796,89,14.83,-4.85,29.38
466057860,89,15.53,-4.85,30.42
466118908,89,16.22,-4.85,31.40
466179952,89,16.97,-4.85,32.25
466241004,89,17.83,-4.85,33.16
466302040,89,18.62,-4.85,33.94
466363072,89,19.20,-4.85,34.88
466424116,89,19.72,-4.85,35.41
466485136,89,20.36,-4.85,36.25
466546184,89,21.16,-4.85,37.30
466607236,89,22.03,-4.85,38.10
466668276,89,22.85,-4.85,38.70
466729336,89,23.63,-4.85,39.14
466790368,89,24.42,-4.85,39.60
466851428,89,25.32,-4.85,40.00
466912460,89,26.21,-4.85,40.50
466973512,89,26.94,-4.85,41.04
467034568,89,27.63,-4.85,41.26
467095616,89,28.30,-4.85,41.66
467156656,89,28.92,-4.26,42.07
467217712,89,29.51,-4.26,42.50

























































527279672,102,24.76,-4.26,-1.42
527339736,102,11.32,-5.12,-1.10
527400780,102,1.69,-5.68,-0.69
527461824,102,0.76,-5.68,-0.17
527522868,102,2.34,-5.68,0.17
527583908,102,3.20,-5.68,0.44
527644964,102,3.20,-5.68,0.83
527706012,102,3.20,-5.68,1.31
527767060,102,3.20,-5.68,1.65
527828108,102,3.20,-5.68,1.93
527889152,102,3.20,-5.68,2.33
527950212,102,3.20,-5.68,2.52
528011256,102,3.20,-5.68,3.13
528072312,102,3.20,-5.68,3.37
528133356,102,3.20,-5.16,3.77
528194400,102,3.20,-5.16,4.12
528255432,102,3.70,-5.16,4.47
528316472,102,3.70,-5.16,4.73
528377500,102,3.70,-5.16,5.18
528438548,102,3.70,-5.16,5.64
528499580,102,3.70,-5.16,6.03
528560620,102,3.70,-5.16,6.62
528621656,102,4.26,-5.16,7.20
528682692,102,4.26,-5.16,7.93
528743736,102,4.26,-5.16,8.41
528804760,102,4.26,-5.16,9.21
528865796,102,5.00,-5.16,10.19
528926836,102,5.00,-5.16,10.75
528987868,102,5.58,-4.58,11.86
529048920,102,5.58,-4.58,12.66
529109948,102,6.27,-4.58,13.59
529170980,102,6.27,-4.58,14.55
529232008,102,7.07,-4.58,15.65
529293040,102,7.07,-4.58,16.57
529354076,102,7.93,-4.58,17.93
529415108,102,8.45,-4.58,18.90
529476152,102,9.06,-4.58,20.18
529537176,102,9.70,-4.58,21.50
529598224,102,10.39,-4.58,22.73
529659288,102,11.09,-4.58,24.09
529720332,102,11.09,-4.58,25.07
529781384,102,12.07,-4.58,26.15
529842432,102,12.98,-4.58,27.43
529903484,102,14.01,-4.58,28.62
529964536,102,14.87,-4.58,29.68
530025596,102,15.68,-4.58,30.77
530086628,102,16.47,-4.58,31.76
530147680,102,17.30,-4.58,32.86
530208728,102,18.17,-4.58,33.97
530269780,102,18.97,-4.58,34.87
530330840,102,19.71,-4.58,35.78
530391876,102,20.46,-4.58,36.93
530452928,102,21.32,-4.58,38.00
530513976,102,22.43,-4.58,38.82
530575016,102,23.56,-4.58,39.37
530636076,102,24.54,-4.58,39.71
530697116,102,25.52,-4.58,40.34
530758164,102,26.48,-4.58,40.82
530819224,102,27.32,-4.58,41.19
530880264,102,28.08,-4.58,41.75
530941320,102,28.86,-4.58,42.15
531002360,102,29.63,-4.58,42.60

























































591064316,115,24.82,-4.58,-1.21
591126096,115,11.23,-4.58,-0.96
591187152,115,1.44,-5.30,-0.46
591248184,115,0.48,-5.30,0.06
591309232,115,2.14,-5.30,0.34
591370292,115,3.03,-5.30,0.84
591431340,115,3.03,-5.30,1.07
591492396,115,3.03,-5.30,1.45
591553440,115,3.03,-5.30,2.10
591614512,115,3.03,-5.30,2.45
591675560,115,3.03,-5.30,2.84
591736612,115,3.03,-5.30,3.24
591797668,115,3.03,-5.30,3.70
591858712,115,3.03,-5.30,3.98
591919768,115,3.03,-5.30,4.60
591980824,115,3.56,-5.30,5.01
592041868,115,3.56,-5.30,5.60
592102924,115,3.56,-5.30,6.22
592163976,115,3.56,-4.78,6.85
592225028,115,3.56,-4.78,7.26
592286080,115,4.18,-4.78,8.08
592347116,115,4.18,-4.78,8.90
592408172,115,4.69,-4.78,9.86
592469224,115,4.69,-4.78,10.73
592530280,115,5.41,-4.78,12.10
592591332,115,5.41,-4.78,13.15
592652384,115,6.18,-4.78,14.68
592713436,115,6.18,-4.78,15.76
592774496,115,7.21,-4.78,17.38
592835540,115,7.75,-4.78,18.48
592896604,115,8.37,-4.78,19.90
592957648,115,9.08,-4.78,21.28
593018688,115,9.81,-4.78,22.76
593079748,115,10.55,-4.78,24.02
593140800,115,11.37,-4.78,25.50
593201844,115,12.29,-4.78,26.90
593262912,115,13.29,-4.78,28.41
593323956,115,14.27,-4.78,29.91
593385004,115,15.24,-4.78,31.38
593446048,115,16.28,-4.24,32.97
593507092,115,17.40,-4.24,34.22
593568136,115,18.57,-4.24,35.29
593629200,115,19.67,-4.24,36.44
593690244,115,20.66,-4.24,37.74
593751300,115,21.66,-4.24,38.92
593812348,115,22.78,-4.24,39.58
593873404,115,24.02,-4.24,40.06
593934440,115,25.32,-4.24,40.78
593995484,115,26.57,-4.24,41.49
594056552,115,27.73,-4.24,42.32
594117592,115,28.80,-4.24,42.74
594178656,115,29.85,-4.24,43.40

























































654240616,127,25.44,-4.24,-1.30
654301452,127,11.47,-5.03,-0.75
654362500,127,1.41,-5.03,-0.32
654423520,127,0.43,-5.03,0.22
654484556,127,2.05,-5.03,0.59
654545620,127,2.90,-5.03,0.97
654606680,127,2.90,-5.03,1.45
654667716,127,2.90,-5.03,2.07
654728780,127,2.90,-5.03,2.54
654789828,127,2.90,-5.03,2.95
654850880,127,2.90,-5.03,3.35
654911932,127,2.90,-5.03,3.70
654972984,127,2.90,-5.03,4.28
655034028,127,3.41,-5.03,4.88
655095084,127,3.41,-5.03,5.49
655156128,127,3.41,-5.03,6.21
655217180,127,3.41,-5.03,6.81
655278232,127,3.92,-5.03,7.67
655339280,127,3.92,-5.03,8.58
655400336,127,3.92,-5.03,9.37
655461384,127,4.72,-5.03,10.49
655522444,127,4.72,-5.03,11.56
655583492,127,5.38,-4.53,13.15
655644540,127,5.38,-4.53,14.29
655705604,127,6.38,-4.53,15.64
655766664,127,7.01,-4.53,17.33
655827700,127,7.65,-4.53,19.11
655888760,127,8.40,-4.53,20.65
655949804,127,9.27,-4.53,22.49
656010856,127,10.18,-4.53,24.08
656071896,127,11.10,-4.53,25.66
656132928,127,12.10,-4.53,27.24
656193976,127,13.18,-4.53,28.98
656255028,127,14.24,-4.53,30.56
656316056,127,15.33,-4.53,32.18
656377096,127,16.62,-4.53,33.76
656438112,127,17.99,-4.53,35.14
656499144,127,19.20,-4.53,36.42
656560168,127,20.33,-4.53,37.91
656621184,127,21.60,-4.53,39.32
656682208,127,22.95,-4.53,40.08
656743224,127,24.33,-4.53,40.87
656804264,127,25.81,-4.53,41.75
656865300,127,27.34,-4.53,42.67
656926340,127,28.73,-4.53,43.10
656987372,127,29.97,-4.53,43.75





