Two axis displacement sensor detected
Tareing....
time(us),power(pwm/255),position(deg),force(grams)
199288,25,-0.76,0.00,-0.10
260928,25,-2.58,-1.29,-0.01
322048,25,-3.90,-1.91,-0.09
383100,25,-3.90,-1.91,-0.03
444140,25,-3.90,-1.91,0.10
505200,25,-3.90,-1.91,0.04
566248,25,-3.90,-1.91,-0.01
627312,25,-3.90,-1.91,-0.02
688372,25,-3.90,-1.91,0.02
749412,25,-3.90,-1.91,-0.03
810480,25,-3.90,-1.91,-0.11
871520,25,-3.90,-1.91,0.02
932548,25,-3.35,-1.91,0.01
993600,25,-3.35,-1.91,-0.06
1054636,25,-3.35,-1.91,0.03
1115696,25,-3.35,-1.91,-0.06
1176748,25,-3.35,-1.91,-0.05
1237800,25,-3.35,-1.91,-0.15
1298856,25,-3.35,-1.91,-0.17
1359916,25,-3.35,-1.91,0.05
1420956,25,-3.35,-1.91,0.01
1482012,25,-3.35,-1.91,-0.10
1543068,25,-3.35,-1.91,0.05
1604124,25,-3.35,-1.91,0.05
1665160,25,-3.35,-1.91,-0.14
1726196,25,-3.35,-1.91,-0.09
1787236,25,-2.78,-1.91,0.01
1848272,25,-2.78,-1.91,0.20
1909300,25,-2.78,-1.91,-0.08
1970352,25,-2.78,-1.91,-0.07
2031400,25,-2.78,-1.91,0.06
2092456,25,-2.78,-1.91,-0.16
2153520,25,-2.78,-1.91,-0.07
2214564,25,-2.25,-1.91,-0.04
2275620,25,-2.25,-0.23,-0.05
2336668,25,-2.25,2.08,-0.01
2397728,25,-2.25,0.91,-0.11
2458760,25,-2.25,-1.61,0.06
2519808,25,-2.25,-2.30,-0.06
2580892,25,-2.25,-2.30,-0.08
2641940,25,-2.25,-2.30,-0.10
2702988,25,-2.25,-2.30,0.01
2764044,25,-2.25,-1.78,0.01
2825068,25,-1.67,-1.78,-0.02
2886132,25,-1.67,-1.78,0.07
2947180,25,-1.67,-1.78,-0.00
3008232,25,-1.67,-1.78,-0.03
3069288,25,-1.67,-1.78,-0.14
3130336,25,-1.67,-1.78,-0.07
3191388,25,-1.67,-1.78,-0.00
3252444,25,-1.67,-1.78,-0.09
3313496,25,-1.17,-1.78,-0.03
3374548,25,-1.17,-1.78,-0.02
3435604,25,-1.17,-1.78,-0.03
3496656,25,-1.17,-1.78,-0.03
3557720,25,-1.17,-1.78,0.03
3618752,25,-1.17,-1.78,0.06
3679804,25,-1.17,-1.78,-0.11
3740872,25,-1.17,-1.78,-0.06
3801924,25,-0.58,-1.78,0.04
3862976,25,-0.58,-1.78,0.01
3924032,25,-0.58,-1.78,-0.03
3985088,25,-0.58,-1.78,0.00
4046072,25,-0.58,-1.78,-0.05
4107192,25,-0.58,-1.78,-0.02
4168248,25,-0.58,-1.78,0.01
4229308,25,-0.58,-1.78,-0.05
4290360,25,-0.03,-1.78,-0.21
4351416,25,-0.03,-1.78,-0.04
4412472,25,-0.03,-1.78,0.03
4473516,25,-0.03,-1.78,-0.14
4534588,25,-0.03,-1.78,0.02
4595628,25,-0.03,-1.78,-0.06
4656704,25,-0.03,-1.78,-0.05
4717764,25,-0.03,-1.78,0.09
4778808,25,-0.03,-1.78,-0.09
4839868,25,-0.03,-1.78,-0.14
4900900,25,-0.03,-1.78,-0.01
4961940,25,0.51,-1.78,0.01
5022968,25,0.51,-1.78,0.06
5084008,25,0.51,-1.78,-0.12
5145068,25,0.51,-1.78,-0.12
5206104,25,0.51,-1.78,0.06
5267136,25,0.51,-1.78,-0.16
5328192,25,0.51,-1.78,0.02
5389220,25,0.51,-1.78,-0.01
5450260,25,1.02,-1.78,-0.11
5511308,25,1.02,-1.78,0.05
5572336,25,1.02,-1.78,0.03
5633380,25,1.02,-1.78,0.05
5694424,25,1.02,-1.78,0.03
5755472,25,1.02,-1.78,-0.02
5816548,25,1.02,-1.78,0.01
5877580,25,1.02,-1.78,0.11
5938636,25,1.02,-1.78,-0.02
5999700,25,1.02,-1.78,-0.07
6060740,25,1.54,-1.78,0.02
6121800,25,1.54,-1.78,-0.04
6182864,25,1.54,-1.78,0.05
6243904,25,1.54,-1.78,0.07
6304964,25,1.54,-1.78,-0.14
6366024,25,1.54,-1.78,0.04
6427080,25,1.54,-1.78,0.07
6488140,25,1.54,-1.78,0.07
6549180,25,1.54,-1.78,-0.04
6610236,25,1.54,-1.78,0.11
6671256,25,2.06,-1.78,-0.01
6732324,25,2.06,-1.78,0.02
6793364,25,2.06,-1.78,-0.15
6854412,25,2.06,-1.78,-0.04
6915464,25,2.06,-1.78,-0.18
6976500,25,2.06,-1.78,0.00
7037524,25,2.62,-1.78,-0.08
7098592,25,2.62,-1.78,0.06
7159620,25,2.62,-1.78,0.10
7220664,25,2.62,-1.78,-0.01
7281712,25,2.62,-1.78,-0.15
7342744,25,2.62,-1.78,-0.03
7403792,25,2.62,-1.78,0.08
7464820,25,2.62,-1.78,-0.02
7525868,25,2.62,-1.78,-0.02
7586908,25,2.62,-1.78,-0.10
7647948,25,3.19,-1.78,0.01
7708984,25,3.19,-1.78,-0.06
7770028,25,3.19,-1.78,0.12
7831072,25,3.19,-1.78,-0.02
7892120,25,3.19,-1.78,-0.03
7953164,25,3.19,-1.78,0.05
8014216,25,3.19,-1.78,-0.03
8075276,25,3.19,-1.78,0.03
8136320,25,3.19,-1.78,-0.16
8197388,25,3.19,-1.78,-0.11
8258428,25,3.19,-1.78,-0.11
8319492,25,3.19,-1.78,0.09
8380544,25,3.77,-1.78,0.04
8441576,25,3.77,-1.78,0.19
8502640,25,3.77,-1.78,-0.10
8563688,25,3.77,-1.78,0.00
8624728,25,3.77,-1.78,0.04
8685800,25,3.77,-1.78,-0.17
8746856,25,3.77,-1.78,0.04
8807908,25,4.31,-1.78,0.06
8868960,25,4.31,-0.11,-0.05
8930008,25,4.31,2.05,0.01
8991072,25,4.31,0.89,-0.06
9052124,25,4.31,-1.57,0.08
9113180,25,4.31,-2.29,0.12
9174248,25,4.31,-2.29,-0.02
9235304,25,4.31,-2.29,-0.15
9296372,25,4.31,-2.29,-0.01
9357420,25,4.31,-2.29,-0.04
9418468,25,4.84,-2.29,-0.16
9479536,25,4.84,-2.29,-0.13
9540580,25,4.84,-2.29,-0.12
9601640,25,4.84,-1.76,0.04
9662684,25,4.84,-1.76,0.01
9723736,25,4.84,-1.76,0.02
9784800,25,4.84,-1.76,-0.05
9845864,25,4.84,-1.76,0.09
9906912,25,4.84,-1.76,-0.10
9967984,25,4.84,-1.76,0.01
10029028,25,5.45,-1.76,-0.00
10090128,25,5.45,-1.76,-0.05
10151192,25,5.45,-1.76,-0.07
10212240,25,5.45,-1.76,-0.01
10273304,25,5.45,-1.76,-0.16
10334356,25,5.45,-1.76,0.04
10395400,25,5.97,-1.76,0.02
10456464,25,5.97,-1.76,-0.16
10517536,25,5.97,-1.76,0.06
10578572,25,5.97,-1.76,0.03
10639632,25,5.97,-1.76,-0.13
10700688,25,5.97,-1.76,0.01
10761736,25,5.97,-1.76,-0.14
10822796,25,5.97,-1.76,-0.00
10883836,25,6.55,-1.76,-0.01
10944884,25,6.55,-1.76,-0.08
11005920,25,6.55,-1.76,-0.10
11066980,25,6.55,-1.76,-0.12
11128048,25,6.55,-1.76,-0.05
11189096,25,6.55,-1.76,0.03
11250148,25,6.55,-1.76,0.08
11311204,25,6.55,-1.76,0.06
11372248,25,7.08,-1.76,-0.06
11433324,25,7.08,-1.76,0.07
11494360,25,7.08,-1.76,-0.03
11555420,25,7.08,-1.76,-0.16
11616472,25,7.08,-1.76,-0.05
11677512,25,7.08,-1.76,-0.03
11738556,25,7.08,-1.76,-0.07
11799596,25,7.08,-1.76,-0.06
11860632,25,7.08,-1.76,-0.00
11921676,25,7.08,-1.76,-0.04
11982720,25,7.63,-1.76,0.03
12043760,25,7.63,-1.76,-0.06
12104816,25,7.63,-1.76,-0.10
12165844,25,7.63,-1.76,0.11
12226884,25,7.63,-1.76,-0.04
12287936,25,7.63,-1.76,-0.06
12348984,25,8.13,-1.76,-0.02
12410020,25,8.13,-1.76,0.02
12471048,25,8.13,-1.76,0.00
12532092,25,8.13,-1.76,0.05
12593132,25,8.13,-1.76,0.03
12654180,25,8.13,-1.76,0.09
12715232,25,8.13,-1.76,-0.04
12776272,25,8.13,-1.76,-0.00
12837320,25,8.64,-1.76,-0.07
12898368,25,8.64,-1.76,-0.01
12959404,25,8.64,-1.76,-0.12
13020448,25,8.64,-1.76,0.06
13081476,25,8.64,-1.76,-0.13
13142532,25,8.64,-1.76,-0.17
13203584,25,9.17,-1.76,-0.10
13264620,25,9.17,-1.76,-0.07
13325668,25,9.17,-1.76,-0.07
13386712,25,9.17,-1.76,-0.18
13447780,25,9.17,-1.76,-0.18
13508844,25,9.17,-1.76,0.02
13569872,25,9.17,-1.76,-0.13
13630924,25,9.17,-1.76,-0.04
13691960,25,9.70,-1.76,-0.11
13753012,25,9.70,-1.76,0.05
13814056,25,9.70,-1.76,-0.12
13875100,25,9.70,-1.76,-0.14
13936152,25,9.70,-1.76,-0.08
13997196,25,9.70,-1.76,-0.11
14058224,25,9.70,-1.76,-0.16
14119260,25,10.29,-1.76,0.00
14180260,25,10.29,-1.76,-0.18
14241320,25,10.29,-1.76,0.02
14302352,25,10.29,-1.76,-0.03
14363396,25,10.29,-1.76,-0.20
14424452,25,10.29,-1.76,-0.06
14485480,25,10.29,-1.76,-0.07
14546524,25,10.85,-1.76,-0.09
14607572,25,10.85,-1.76,0.16
14668604,25,10.85,-1.76,-0.10
14729660,25,10.85,-1.76,0.02
14790692,25,10.85,-1.76,-0.12
14851736,25,10.85,-1.76,-0.12
14912788,25,10.85,-1.76,-0.03
14973820,25,11.40,-1.76,-0.09
15034872,25,11.40,-1.76,-0.04
15095920,25,11.40,-1.76,-0.09
15156952,25,11.40,-1.76,-0.10
15218000,25,11.40,-1.76,-0.01
15279032,25,11.40,-1.76,-0.10
15340072,25,11.40,-1.76,-0.02
15401104,25,11.40,-1.76,-0.12
15462140,25,12.02,-1.76,0.09
15523176,25,12.02,-1.76,-0.11
15584224,25,12.02,-1.76,-0.15
15645272,25,12.02,-1.76,-0.06
15706324,25,12.02,-1.76,-0.03
15767356,25,12.02,-1.76,-0.02
15828408,25,12.02,-1.76,0.05
15889448,25,12.02,-1.76,-0.13
15950504,25,12.55,-1.76,-0.13
16011576,25,12.55,-1.76,-0.02
16072624,25,12.55,-1.76,-0.22
16133688,25,12.55,-1.76,-0.30
16194744,25,12.55,-1.76,-0.17
16255800,25,12.55,-1.76,-0.03
16316864,25,13.05,-1.76,0.01
16377912,25,13.05,-1.76,0.01
16438972,25,13.05,-1.76,0.13
16500028,25,13.05,-1.76,0.16
16561080,25,13.05,-1.76,0.25
16622140,25,13.05,-1.76,0.33
16683204,25,13.05,-1.76,0.52
16744256,25,13.05,-1.76,0.43
16805320,25,13.05,-1.76,0.51
16866376,25,13.05,-1.76,0.56
16927432,25,13.05,-1.76,0.56
16988496,25,13.05,-1.76,0.80
17049544,25,13.05,-1.76,0.67
17110600,25,13.05,-1.76,0.85
17171660,25,13.05,-1.76,0.84
17232700,25,13.05,-1.76,0.85
17293768,25,13.05,-1.76,0.97
17354816,25,13.05,-1.76,1.11
17415860,25,13.05,-1.76,0.93
17476932,25,13.05,-1.76,1.22
17537980,25,13.05,-1.76,1.16
17599044,25,13.05,-1.76,1.19
17660104,25,13.05,-1.76,1.48
17721156,25,13.05,-1.76,1.51
17782224,25,13.05,-1.76,1.31
17843280,25,13.05,-1.76,1.49
17904332,25,13.56,-1.76,1.59
17965400,25,13.56,-1.76,1.61
18026448,25,13.56,-1.76,1.58
18087508,25,13.56,-1.76,1.60
18148564,25,13.56,-1.76,1.68
18209616,25,13.56,-1.76,1.87
18270684,25,13.56,-1.76,1.84
18331740,25,13.56,-1.76,1.92
18392780,25,13.56,-1.76,2.02
18453856,25,13.56,-1.76,2.13
18514904,25,13.56,-1.76,2.02
18575956,25,13.56,-1.76,2.10
18637028,25,13.56,-1.76,2.16
18698076,25,13.56,-1.76,2.19
18759140,25,13.56,-1.76,2.27
18820196,25,13.56,-1.76,2.25
18881248,25,13.56,-1.76,2.37
18942316,25,13.56,-1.76,2.27
19003372,25,13.56,-1.76,2.45
19064428,25,13.56,-1.76,2.46
19125496,25,13.56,-1.76,2.40
19186552,25,13.56,-1.76,2.58
19247616,25,13.56,-1.76,2.63
19308672,25,13.56,-1.76,2.76
19369720,25,13.56,-1.76,2.79
19430788,25,13.56,-1.76,2.59
19491828,25,13.56,-1.76,2.87
19552888,25,14.15,-1.76,2.91
19613936,25,14.15,-1.76,2.94
19674992,25,14.15,-1.76,2.88
19736052,25,14.15,-1.76,3.05
19797092,25,14.15,-1.76,3.02
19858120,25,14.15,-1.76,3.21
19919172,25,14.15,-1.76,3.06
19980208,25,14.15,-1.76,3.02
20041252,25,14.15,-1.76,3.06
20102296,25,14.15,-1.76,3.30
20163328,25,14.15,-1.76,3.25
20224380,25,14.15,-1.76,3.25
20285412,25,14.15,-1.76,3.30
20346452,25,14.15,-1.76,3.60
20407520,25,14.15,-1.76,3.41
20468548,25,14.15,-1.76,3.52
20529600,25,14.15,-1.76,3.48
20590644,25,14.15,-1.76,3.52
20651692,25,14.15,-1.76,3.62
20712756,25,14.15,-1.76,3.72
20773812,25,14.15,-1.76,3.62
20834872,25,14.15,-1.76,3.63
20895924,25,14.15,-1.76,3.84
20956984,25,14.15,-1.76,3.96
21018052,25,14.15,-1.76,3.92
21079100,25,14.15,-1.76,3.90
21140152,25,14.15,-1.76,4.03
21201196,25,14.15,-1.76,3.99
21262244,25,14.15,-1.76,4.07
21323284,25,14.15,-1.76,4.02
21384328,25,14.15,-1.76,4.23
21445368,25,14.15,-1.76,4.22
21506412,25,14.15,-1.76,4.07
21567456,25,14.15,-1.76,4.29
21628504,25,14.69,-1.76,4.21
21689560,25,14.69,-1.76,4.34
21750592,25,14.69,-1.76,4.41
21811624,25,14.69,-1.76,4.46
21872668,25,14.69,-1.76,4.49
21933696,25,14.69,-1.76,4.59
21994736,25,14.69,-1.76,4.59
22055776,25,14.69,-1.76,4.64
22116828,25,14.69,-1.76,4.69
22177884,25,14.69,-1.76,4.62
22238920,25,14.69,-1.76,4.48
22299980,25,14.69,-1.76,4.84
22361020,25,14.69,-1.76,4.69
22422072,25,14.69,-1.76,4.89
22483120,25,14.69,-1.76,4.93
22544160,25,14.69,-1.76,5.01
22605200,25,14.69,-1.76,4.86
22666256,25,14.69,-1.20,4.96
22727292,25,14.69,-1.20,4.95
22788352,25,14.69,-1.20,5.10
22849404,25,14.69,-1.20,5.06
22910456,25,14.69,-1.20,5.06
22971512,25,14.69,-1.20,5.09
23032560,25,14.69,-1.20,5.02
23093620,25,14.69,-1.20,5.13
23154680,25,14.69,-1.20,5.16
23215736,25,14.69,-1.20,5.22
23276804,25,14.69,-1.20,5.24
23337852,25,14.69,-1.20,5.39
23398924,25,15.28,-1.20,5.35
23459972,25,15.28,-1.20,5.46
23521024,25,15.28,-1.20,5.54
23582084,25,15.28,-1.20,5.25
23643140,25,15.28,-1.20,5.52
23704188,25,15.28,-1.20,5.45
23765256,25,15.28,-1.20,5.60
23826300,25,15.28,-1.20,5.48
23887376,25,15.28,-1.20,5.58
23948432,25,15.28,-1.20,5.62
24009472,25,15.28,-1.20,5.65
24070544,25,15.28,-1.20,5.65
24131600,25,15.28,-1.20,5.65
24192644,25,15.28,-1.20,5.76
24253712,25,15.28,-1.20,5.89
24314756,25,15.28,-1.20,5.87
24375816,25,15.28,-1.20,5.85
24436868,25,15.28,-1.20,5.98
24497916,25,15.28,-1.20,6.06
24558976,25,15.28,-1.20,5.92
24620028,25,15.28,-1.20,5.90
24681084,25,15.28,-1.20,5.98
24742152,25,15.28,-1.20,6.00
24803204,25,15.28,-1.20,6.05
24864260,25,15.28,-1.20,6.10
24925308,25,15.28,-1.20,6.10
24986360,25,15.28,-1.20,6.25
25047428,25,15.78,-1.20,6.19
25108496,25,15.78,-1.20,6.19
25169548,25,15.78,-1.20,6.14
25230604,25,15.78,-1.20,6.32
25291656,25,15.78,-1.20,6.35
25352716,25,15.78,-1.20,6.21
25413772,25,15.78,-1.20,6.46
25474824,25,15.78,-1.20,6.56
25535884,25,15.78,-1.20,6.56
25596952,25,15.78,-1.20,6.50
25658008,25,15.78,-1.20,6.33
25719064,25,15.78,-1.20,6.57
25780124,25,15.78,-1.20,6.63
25841196,25,15.78,-1.20,6.48
25902256,25,15.78,-1.20,6.72
25963300,25,15.78,-1.20,6.66
26024368,25,15.78,-1.20,6.84
26085424,25,15.78,-1.20,6.91
26146476,25,15.78,-1.20,6.76
26207544,25,15.78,-1.20,6.91
26268592,25,15.78,-1.20,6.76
26329652,25,15.78,-1.20,6.91
26390708,25,16.35,-1.20,6.86
26451760,25,16.35,-1.20,6.88
26512824,25,16.35,-1.20,6.90
26573888,25,16.35,-1.20,6.99
26634936,25,16.35,-1.20,6.99
26696004,25,16.35,-1.20,7.14
26757056,25,16.35,-1.20,7.06
26818120,25,16.35,-1.20,7.01
26879168,25,16.35,-1.20,7.27
26940224,25,16.35,-1.20,7.22
27001288,25,16.35,-1.20,7.12
27062340,25,16.35,-1.20,7.33
27123396,25,16.35,-1.20,7.27
27184464,25,16.35,-1.20,7.39
27245508,25,16.35,-1.20,7.30
27306576,25,16.35,-1.20,7.28
27367632,25,16.35,-1.20,7.33
27428676,25,16.35,-1.20,7.47
27489732,25,16.35,-1.20,7.28
27550780,25,16.35,-1.20,7.36
27611816,25,16.35,-1.20,7.56
27672872,25,16.35,-1.20,7.53
27733916,25,16.35,-1.20,7.61
27794956,25,16.35,-1.20,7.67
27856008,25,16.35,-1.20,7.60
27917048,25,16.35,-1.20,7.68
27978096,25,16.86,-1.20,7.79
28039136,25,16.86,-1.20,7.74
28100188,25,16.86,-1.20,7.80
28161236,25,16.86,-1.20,7.69
28222268,25,16.86,-1.20,7.82
28283312,25,16.86,-1.20,7.92
28344360,25,16.86,-1.20,7.84
28405400,25,16.86,-1.20,7.97
28466448,25,16.86,-1.20,7.99
28527484,25,16.86,-1.20,7.95
28588536,25,16.86,-1.20,7.99
28649580,25,16.86,-1.20,8.11
28710608,25,16.86,-1.20,8.15
28771656,25,16.86,-1.20,8.15
28832688,25,16.86,-1.20,8.24
28893740,25,16.86,-1.20,8.32
28954784,25,16.86,-1.20,8.21
29015816,25,16.86,-1.20,8.23
29076844,25,16.86,-1.20,8.30
29137864,25,16.86,-1.20,8.38
29198904,25,16.86,-1.20,8.26
29259928,25,16.86,-1.20,8.37
29320952,25,16.86,-1.20,8.33
29381984,25,16.86,-1.20,8.44
29443040,25,17.39,-1.20,8.37
29504088,25,17.39,-1.20,8.51
29565144,25,17.39,-1.20,8.56
29626184,25,17.39,-1.20,8.54
29687232,25,17.39,-1.20,8.80
29748280,25,17.39,-1.20,8.66
29809308,25,17.39,-1.20,8.66
29870352,25,17.39,-1.20,8.77
29931392,25,17.39,-1.20,8.68
29992456,25,17.39,-1.20,8.77
30053492,25,17.39,-1.20,8.64
30114532,25,17.39,-1.20,8.77
30175576,25,17.39,-1.20,8.74
30236604,25,17.39,-1.20,8.77
30297664,25,17.39,-1.20,8.84
30358712,25,17.39,-1.20,8.99
30419768,25,17.39,-1.20,9.10
30480816,25,17.39,-1.20,8.98
30541884,25,17.39,-1.20,9.13
30602924,25,17.39,-1.72,9.08
30663984,25,17.39,-1.72,9.00
30725036,25,17.92,-1.72,8.94
30786084,25,17.92,-1.72,8.99
30847140,25,17.92,-1.72,9.14
30908184,25,17.92,-1.72,9.17
30969244,25,17.92,-1.72,9.10
31030292,25,17.92,-1.72,9.28
31091336,25,17.92,-1.72,9.24
31152396,25,17.92,-1.72,9.46
31213448,25,17.92,-1.72,9.35
31274504,25,17.92,-1.72,9.37
31335560,25,17.92,-1.72,9.43
31396612,25,17.92,-1.72,9.34
31457668,25,17.92,-1.72,9.47
31518716,25,17.92,-1.72,9.58
31579768,25,17.92,-1.72,9.55
31640828,25,17.92,-1.72,9.55
31701876,25,17.92,-1.72,9.62
31762940,25,17.92,-1.72,9.66
31824000,25,17.92,-1.72,9.53
31885048,25,18.43,-1.72,9.65
31946112,25,18.43,-1.72,9.73
32007164,25,18.43,-1.72,9.72
32068224,25,18.43,-1.72,9.79
32129280,25,18.43,-1.72,9.92
32190336,25,18.43,-1.72,9.83
32251400,25,18.43,-1.72,9.74
32312456,25,18.43,-1.72,9.93
32373508,25,18.43,-1.72,10.05
32434572,25,18.43,-1.72,9.89
32495636,25,18.43,-1.72,9.86
32556680,25,18.43,-1.72,9.96
32617752,25,18.43,-1.72,10.03
32678804,25,18.43,-1.72,10.06
32739868,25,18.43,-1.72,10.06
32800924,25,18.43,-1.72,10.05
32861968,25,18.43,-1.72,10.21
32923032,25,18.43,-1.72,10.16
32984088,25,18.43,-1.72,10.13
33045140,25,18.43,-1.72,10.14
33106208,25,18.43,-1.72,10.20
33167256,25,18.43,-1.72,10.35
33228324,25,18.43,-1.72,10.24
33289380,25,18.43,-1.72,10.24
33350432,25,18.43,-1.72,10.48
33411500,25,18.43,-1.72,10.28
33472556,25,18.43,-1.72,10.43
33533612,25,18.43,-1.72,10.37
33594680,25,18.43,-1.72,10.29
33655724,25,18.43,-1.72,10.45
33716784,25,18.43,-1.72,10.56
33777840,25,18.43,-1.72,10.54
33838884,25,18.43,-1.72,10.64
33899948,25,18.43,-1.72,10.57
33961008,25,18.43,-1.72,10.68
34022060,25,18.96,-1.72,10.55
34083124,25,18.96,-1.72,10.76
34144164,25,18.96,-1.72,10.83
34205212,25,18.96,-1.72,10.68
34266256,25,18.96,-1.72,10.73
34327288,25,18.96,-1.72,10.66
34388340,25,18.96,-1.72,10.71
34449372,25,18.96,-1.72,10.96
34510428,25,18.96,-1.72,10.80
34571472,25,18.96,-1.72,11.00
34632516,25,18.96,-1.72,10.96
34693564,25,18.96,-1.72,10.82
34754604,25,18.96,-1.72,10.97
34815652,25,18.96,-1.72,10.92
34876708,25,18.96,-1.72,10.97
34937748,25,18.96,-1.72,11.06
34998804,25,18.96,-1.72,10.99
35059856,25,18.96,-1.72,11.06
35120888,25,18.96,-1.72,11.10
35181936,25,18.96,-1.72,11.05
35242980,25,18.96,-1.72,11.21
35304032,25,18.96,-1.72,11.26
35365076,25,18.96,-1.72,11.15
35426120,25,18.96,-1.72,11.12
35487172,25,18.96,-1.72,11.11
35548216,25,19.56,-1.72,11.17
35609256,25,19.56,-1.72,11.21
35670308,25,19.56,-1.72,11.09
35731348,25,19.56,-1.72,11.12
35792396,25,19.56,-1.72,11.11
35853432,25,19.56,-1.72,11.12
35914464,25,19.56,-1.72,10.96
35975528,25,19.56,-1.72,10.92
36036556,25,19.56,-1.72,11.10
36097592,25,19.56,-1.72,11.07
36158616,25,19.56,-1.72,11.07
36219640,25,19.56,-1.72,10.96
36280688,25,19.56,-1.72,10.97
36341716,25,19.56,-1.72,11.18
36402764,25,19.56,-1.72,11.22
36463804,25,19.56,-1.72,11.10
36524840,25,19.56,-1.72,11.22
36585892,25,19.56,-1.72,11.20
36646940,25,19.56,-1.72,11.15
36707976,25,19.56,-1.72,11.14
36769020,25,19.56,-1.72,11.05
36830060,25,19.56,-1.72,11.20
36891112,25,19.56,-1.72,11.28
36952148,25,19.56,-1.72,11.20
37013184,25,19.56,-1.72,11.31
37074236,25,19.56,-1.72,11.41
37135272,25,19.56,-1.72,11.28
37196328,25,19.56,-1.72,11.45
37257372,25,19.56,-1.72,11.42
37318408,25,19.56,-1.72,11.46
37379464,25,19.56,-1.72,11.36
37440520,25,19.56,-1.72,11.26
37501568,25,19.56,-1.72,11.50
37562644,25,19.56,-1.72,11.47
37623704,25,19.56,-1.72,11.56
37684772,25,19.56,-1.72,11.50
37745828,25,19.56,-1.07,11.66
37806880,25,19.56,-1.07,11.65
37867940,25,19.56,-1.07,11.70
37929004,25,19.56,-1.60,11.59
37990056,25,19.56,-1.60,11.75
38051112,25,19.56,-1.60,11.71
38112156,25,19.56,-1.60,11.58
38173220,25,19.56,-1.60,11.77
38234272,25,19.56,-1.60,11.69
38295320,25,19.56,-1.60,11.89
38356384,25,19.56,-1.60,11.81
38417436,25,19.56,-1.60,11.76
38478488,25,19.56,-1.60,11.79
38539552,25,19.56,-1.60,11.85
38600592,25,19.56,-1.60,11.82
38661656,25,19.56,-1.60,12.05
38722708,25,19.56,-1.60,11.92
38783760,25,19.56,-1.60,11.93
38844824,25,19.56,-1.60,11.90
38905876,25,19.56,-1.60,11.94
38966932,25,19.56,-1.60,11.91
39027980,25,19.56,-1.60,12.14
39089032,25,19.56,-1.60,12.01
39150088,25,19.56,-1.60,12.16
39211148,25,19.56,-1.60,12.08
39272200,25,19.56,-1.60,12.20
39333260,25,19.56,-1.60,12.36
39394316,25,19.56,-1.60,12.38
39455368,25,20.10,-1.60,12.27
39516412,25,20.10,-1.60,12.32
39577472,25,20.10,-1.60,12.46
39638528,25,20.10,-1.60,12.48
39699564,25,20.10,-1.60,12.39
39760604,25,20.10,-1.60,12.50
39821644,25,20.10,-1.60,12.39
39882680,25,20.10,-1.60,12.44
39943728,25,20.10,-1.60,12.49
40004772,25,20.10,-1.60,12.55
40065808,25,20.10,-1.60,12.43
40126852,25,20.10,-1.60,12.78
40187896,25,20.10,-1.60,12.72
40248928,25,20.10,-1.60,12.69
40309988,25,20.10,-1.60,12.84
40371032,25,20.10,-1.60,12.79
40432100,25,20.10,-1.60,12.83
40493148,25,20.10,-1.60,12.89
40554204,25,20.10,-1.60,12.85
40615268,25,20.10,-1.60,12.99
40676320,25,20.10,-1.60,13.07
40737380,25,20.10,-1.60,12.97
40798440,25,20.10,-1.60,13.00
40859488,25,20.10,-1.60,12.92
40920556,25,20.10,-1.60,12.99
40981608,25,20.62,-1.60,13.07
41042660,25,20.62,-1.60,12.97
41103728,25,20.62,-1.60,13.09
41164780,25,20.62,-1.60,13.16
41225840,25,20.62,-1.60,13.16
41286900,25,20.62,-1.60,13.16
41347956,25,20.62,-1.60,13.29
41409024,25,20.62,-1.60,13.24
41470076,25,20.62,-1.60,13.21
41531128,25,20.62,-1.60,13.35
41592192,25,20.62,-1.60,13.34
41653244,25,20.62,-1.07,13.29
41714288,25,20.62,-1.07,13.21
41775348,25,20.62,-1.07,13.22
41836400,25,20.62,-1.59,13.54
41897468,25,20.62,-1.59,13.52
41958508,25,20.62,-1.59,13.43
42019528,25,20.62,-1.59,13.58
42080584,25,20.62,-1.59,13.54
42141616,25,20.62,-1.59,13.41
42202660,25,20.62,-1.59,13.54
42263708,25,20.62,-1.59,13.64
42324756,25,20.62,-1.59,13.60
42385824,25,21.18,-1.59,13.68
42446876,25,21.18,-1.59,13.75
42507924,25,21.18,-1.59,13.74
42568992,25,21.18,-1.59,13.67
42630048,25,21.18,-1.59,13.81
42691116,25,21.18,-1.59,13.85
42752172,25,21.18,-1.59,14.08
42813220,25,21.18,-1.59,13.96
42874292,25,21.18,-1.59,13.92
42935336,25,21.18,-1.59,13.88
42996392,25,21.18,-1.59,14.05
43057444,25,21.18,-1.59,14.06
43118492,25,21.18,-1.59,13.97
43179560,25,21.18,-1.59,13.96
43240612,25,21.18,-1.59,14.06
43301664,25,21.18,-1.59,13.97
43362728,25,21.18,-1.59,14.16
43423780,25,21.18,-1.59,14.18
43484832,25,21.18,-1.59,14.25
43545892,25,21.18,-1.59,14.04
43606936,25,21.18,-1.09,14.23
43667996,25,21.18,-1.09,14.24
43729060,25,21.18,-1.09,14.27
43790108,25,21.18,-1.09,14.17
43851168,25,21.71,-1.09,14.50
43912220,25,21.71,-1.09,14.22
43973268,25,21.71,-1.09,14.40
44034340,25,21.71,-1.09,14.37
44095384,25,21.71,-1.09,14.40
44156452,25,21.71,-1.09,14.18
44217500,25,21.71,-1.09,14.35
44278548,25,21.71,-1.09,14.39
44339608,25,21.71,-1.09,14.32
44400664,25,21.71,-1.09,14.48
44461728,25,21.71,-1.09,14.52
44522788,25,21.71,-1.09,14.48
44583844,25,21.71,-1.09,14.54
44644908,25,21.71,-1.09,14.53
44705968,25,21.71,-1.09,14.61
44767012,25,21.71,-1.09,14.73
44828080,25,21.71,-1.09,14.75
44889136,25,21.71,-1.09,14.57
44950184,25,21.71,-1.09,14.60
45011256,25,21.71,-1.09,14.71
45072308,25,21.71,-1.09,14.61
45133368,25,21.71,-1.09,14.75
45194432,25,21.71,-1.09,14.77
45255484,25,22.24,-1.09,14.79
45316544,25,22.24,-1.09,14.75
45377592,25,22.24,-1.09,14.92
45438636,25,22.24,-1.09,14.79
45499704,25,22.24,-1.09,14.83
45560744,25,22.24,-1.09,14.96
45621804,25,22.24,-1.09,14.95
45682856,25,22.24,-1.09,14.88
45743904,25,22.24,-1.09,14.92
45804948,25,22.24,-1.09,14.89
45865996,25,22.24,-1.09,15.13
45927024,25,22.24,-1.09,15.15
45988068,25,22.24,-1.09,15.15
46049108,25,22.24,-1.09,15.17
46110160,25,22.24,-1.09,15.16
46171200,25,22.24,-1.09,15.17
46232232,25,22.24,-1.09,15.20
46293284,25,22.24,-1.09,15.20
46354324,25,22.24,-1.09,15.24
46415368,25,22.24,-1.09,15.21
46476404,25,22.24,-1.09,15.35
46537440,25,22.24,-1.09,15.36
46598484,25,22.24,-1.09,15.42
46659516,25,22.24,-1.09,15.21
46720560,25,22.24,-1.09,15.33
46781604,25,22.75,-1.09,15.37
46842648,25,22.75,-1.09,15.38
46903696,25,22.75,-1.09,15.39
46964724,25,22.75,-1.09,15.33
47025764,25,22.75,-1.09,15.53
47086820,25,22.75,-1.09,15.44
47147872,25,22.75,-1.09,15.41
47208936,25,22.75,-1.09,15.31
47269988,25,22.75,-1.09,15.58
47331040,25,22.75,-1.09,15.49
47392100,25,22.75,-1.09,15.62
47453152,25,22.75,0.80,15.44
47514204,25,22.75,3.01,15.46
47575272,25,22.75,1.80,15.52
47636304,25,22.75,-0.76,15.53
47697380,25,22.75,-1.47,15.41
47758440,25,22.75,-1.47,15.60
47819496,25,22.75,-0.93,15.59
47880560,25,22.75,-0.93,15.61
47941616,25,22.75,-0.93,15.59
48002668,25,22.75,-0.93,15.66
48063716,25,22.75,-0.93,15.66
48124748,25,22.75,-0.93,15.58
48185792,25,22.75,-0.93,15.64
48246832,25,22.75,-0.93,15.85
48307876,25,22.75,-0.93,15.65
48368932,25,22.75,-0.93,15.82
48429980,25,22.75,-0.93,15.73
48491036,25,22.75,-0.93,15.86
48552092,25,22.75,-0.93,15.69
48613136,25,23.27,-0.93,15.82
48674188,25,23.27,-0.93,15.80
48735248,25,23.27,-0.93,15.83
48796280,25,23.27,-0.93,15.90
48857332,25,23.27,-0.93,15.80
48918356,25,23.27,-0.93,15.82
48979404,25,23.27,-0.93,15.94
49040448,25,23.27,-0.93,15.89
49101488,25,23.27,-0.93,15.94
49162532,25,23.27,-0.93,15.84
49223576,25,23.27,-0.93,15.87
49284628,25,23.27,-0.93,16.06
49345660,25,23.27,-0.93,16.02
49406688,25,23.27,-0.93,15.93
49467736,25,23.27,-0.93,16.00
49528780,25,23.27,-0.93,15.99
49589828,25,23.27,-0.93,16.19
49650860,25,23.27,-0.93,16.25
49711892,25,23.27,-0.93,16.26
49772932,25,23.27,-0.93,16.16
49833968,25,23.27,-0.93,16.37
49895008,25,23.27,-0.93,16.24
49956064,25,23.27,-0.93,16.20
50017112,25,23.27,-0.93,16.31
50078156,25,23.27,-0.93,16.16
50139196,25,23.27,-0.93,16.29
50200236,25,23.27,-0.93,16.29
50261280,25,23.27,-0.93,16.21
50322316,25,23.27,-0.93,16.27
50383360,25,23.27,-0.93,16.34
50444400,25,23.78,-0.93,16.24
50505440,25,23.78,-0.93,16.50
50566484,25,23.78,-0.93,16.53
50627516,25,23.78,-0.93,16.32
50688564,25,23.78,-0.93,16.38
50749600,25,23.78,-0.93,16.34
50810624,25,23.78,-0.93,16.49
50871676,25,23.78,-0.93,16.50
50932704,25,23.78,-0.93,16.41
50993752,25,23.78,-0.93,16.50
51054796,25,23.78,-0.93,16.74
51115824,25,23.78,-0.93,16.56
51176872,25,23.78,-0.93,16.55
51237912,25,23.78,-0.93,16.63
51298952,25,23.78,-0.93,16.67
51360000,25,23.78,-0.93,16.54
51421040,25,23.78,-0.93,16.62
51482096,25,23.78,-0.93,16.66
51543152,25,23.78,-0.93,16.69
51604204,25,23.78,-0.93,16.63
51665256,25,23.78,-0.93,16.60
51726304,25,23.78,-0.93,16.77
51787368,25,23.78,-0.93,16.61
51848412,25,23.78,-0.93,16.75
51909464,25,23.78,-0.93,16.93
51970520,25,23.78,-0.93,16.93
52031576,25,23.78,-0.93,16.82
52092612,25,23.78,-0.93,16.82
52153672,25,23.78,-0.93,16.95
52214728,25,23.78,-0.93,16.97
52275788,25,23.78,-0.93,16.96
52336840,25,23.78,-0.93,17.02
52397880,25,24.30,-0.93,17.06
52458924,25,24.30,-0.93,17.02
52519964,25,24.30,-0.93,16.96
52580992,25,24.30,-0.93,17.11
52642028,25,24.30,-0.93,17.13
52703048,25,24.30,-0.93,16.98
52764092,25,24.30,-0.93,16.98
52825120,25,24.30,-0.93,17.19
52886144,25,24.30,-0.93,17.24
52947172,25,24.30,-0.93,17.14
53008200,25,24.30,-0.93,17.08
53069244,25,24.30,-0.93,17.13
53130284,25,24.30,-0.93,17.19
53191324,25,24.30,-0.93,17.15
53252372,25,24.30,-0.93,17.13
53313416,25,24.30,-0.93,17.25
53374468,25,24.30,-0.93,17.25
53435512,25,24.30,-0.93,17.41
53496552,25,24.30,-0.93,17.21
53557604,25,24.30,-0.93,17.39
53618644,25,24.30,-0.93,17.19
53679692,25,24.30,-0.93,17.28
53740732,25,24.30,-0.93,17.37
53801764,25,24.30,-0.93,17.30
53862816,25,24.30,-0.93,17.38
53923864,25,24.30,-0.93,17.31
53984876,25,24.30,0.83,17.40
54045912,25,24.30,3.18,17.28
54106956,25,24.30,2.05,17.41
54167988,25,24.30,-0.47,17.39
54229020,25,24.30,-1.16,17.48
54290040,25,24.30,-1.16,17.52
54351072,25,24.81,-1.16,17.64
54412104,25,24.81,-1.16,17.49
54473140,25,24.81,-1.16,17.48
54534176,25,24.81,-1.16,17.57
54595200,25,24.81,-1.16,17.62
54656240,25,24.81,-0.65,17.51
54717280,25,24.81,-0.65,17.67
54778340,25,24.81,-0.65,17.74
54839388,25,24.81,-0.65,17.66
54900436,25,24.81,-0.65,17.59
54961500,25,24.81,-0.65,17.58
55022564,25,24.81,-0.65,17.56
55083616,25,24.81,-0.65,17.56
55144676,25,24.81,-0.65,17.67
55205728,25,24.81,-0.65,17.55
55266784,25,24.81,-0.65,17.65
55327840,25,24.81,-0.65,17.69
55388888,25,24.81,-0.65,17.69
55449944,25,24.81,-0.65,17.66
55510976,25,24.81,-0.65,17.48
55572032,25,24.81,-0.65,17.65
55633072,25,24.81,-0.65,17.59
55694104,25,24.81,-0.65,17.72
55755152,25,24.81,-0.65,17.61
55816180,25,24.81,-0.65,17.72
55877224,25,24.81,-0.65,17.79
55938288,25,24.81,-0.65,17.74
55999340,25,24.81,-0.65,17.81
56060408,25,24.81,-0.65,17.75
56121460,25,24.81,-0.65,17.77
56182512,25,24.81,-0.65,17.72
56243568,25,24.81,-0.65,17.82
56304620,25,24.81,-0.65,17.83
56365672,25,24.81,-0.65,17.66
56426740,25,24.81,-0.65,17.86
56487784,25,24.81,-0.65,17.87
56548836,25,24.81,-0.65,17.75
56609872,25,24.81,-0.65,17.95
56670920,25,24.81,-0.65,18.03
56731960,25,24.81,-0.65,18.04
56792996,25,25.33,-0.65,17.95
56854056,25,25.33,-0.65,17.90
56915096,25,25.33,-0.65,17.90
56976120,25,25.33,-0.65,17.97
57037172,25,25.33,-0.65,17.97
57098204,25,25.33,-0.65,18.01
57159240,25,25.33,-0.65,17.89
57220288,25,25.33,-0.65,18.02
57281316,25,25.33,-0.65,18.03
57342360,25,25.33,-0.65,18.05
57403400,25,25.33,-0.65,17.95
57464436,25,25.33,-0.65,18.17
57525464,25,25.33,-0.65,18.12
57586484,25,25.33,-0.65,18.20
57647524,25,25.33,-0.65,18.00
57708576,25,25.33,-0.65,18.01
57769592,25,25.33,-0.65,18.13
57830628,25,25.33,-0.65,17.95
57891660,25,25.33,-0.65,18.00
57952684,25,25.33,-0.65,18.10
58013732,25,25.33,-0.65,18.08
58074788,25,25.33,-0.65,18.13
58135848,25,25.33,-0.65,18.12
58196892,25,25.33,-0.65,18.29
58257964,25,25.33,-0.65,18.16
58319028,25,25.33,-0.65,18.17
58380080,25,25.85,-0.65,18.24
58441140,25,25.85,-0.65,18.26
58502204,25,25.85,1.12,18.23
58563240,25,25.85,3.38,18.33
58624324,25,25.85,2.21,18.26
58685372,25,25.85,-0.40,18.20
58746432,25,25.85,-1.16,18.37
58807500,25,25.85,-1.16,18.15
58868552,25,25.85,-0.61,18.43
58929616,25,25.85,-0.61,18.32
58990676,25,25.85,-0.61,18.43
59051728,25,25.85,-0.61,18.30
59112800,25,25.85,-0.61,18.40
59173852,25,25.85,-0.61,18.48
59234912,25,25.85,-0.61,18.37
59295976,25,25.85,-0.61,18.50
59357036,25,25.85,-0.61,18.68
59418108,25,25.85,-0.61,18.40
59479172,25,25.85,-0.61,18.51
59540216,25,25.85,-0.61,18.42
59601284,25,25.85,-0.61,18.46
59662344,25,25.85,-0.61,18.46
59723396,25,25.85,-0.61,18.51
59784456,25,25.85,-0.61,18.68
59845520,25,25.85,-0.61,18.50
59906576,25,25.85,-0.61,18.68
59967644,25,25.85,-0.61,18.68
60028696,25,25.85,-0.61,18.70
60089752,25,25.85,-0.61,18.58
60150816,25,25.85,-0.61,18.68
60211864,25,26.38,-0.61,18.72
60272920,25,26.38,-0.61,18.64
60333976,25,26.38,-0.61,18.78
60395044,25,26.38,-0.61,18.54
60456104,25,26.38,-0.61,18.65
60517152,25,26.38,-0.61,18.58
60578212,25,26.38,-0.61,18.60
60639276,25,26.38,-0.61,18.71
60700328,25,26.38,-0.61,18.82
60761396,25,26.38,-0.61,18.77
60822452,25,26.38,-0.61,18.93
60883520,25,26.38,-0.61,18.92
60944584,25,26.38,-0.61,18.87
61005636,25,26.38,-0.61,18.83
61066700,25,26.38,-0.61,18.88
61127764,25,26.38,-0.61,18.93
61188812,25,26.38,-0.61,18.98
61249876,25,26.38,-0.61,18.87
61310924,25,26.38,-0.61,18.75
61371988,25,26.38,-0.61,18.91
61433052,25,26.38,-0.61,19.00
61494108,25,26.38,-0.61,19.10
61555172,25,26.38,-0.61,19.01
61616224,25,26.38,-0.61,19.04
61677272,25,26.38,-0.61,19.00
61738344,25,26.38,-0.61,19.03
61799388,25,26.38,-0.61,19.13
61860448,25,26.38,-0.61,19.04
61921520,25,26.38,-0.61,19.02
61982572,25,26.38,-0.61,19.18
62043640,25,26.38,-0.61,19.11
62104700,25,26.38,-0.61,19.11
62165736,25,26.38,-0.61,19.13
62226804,25,26.38,-0.61,18.95
62287852,25,26.38,-0.61,19.11
62348896,25,26.93,-0.61,19.20
62409952,25,26.93,-0.61,19.32
62470988,25,26.93,-0.61,19.07
62532036,25,26.93,-0.61,19.21
62593076,25,26.93,-0.61,19.15
62654116,25,26.93,-0.61,19.16
62715172,25,26.93,-0.61,19.24
62776208,25,26.93,-0.61,19.14
62837256,25,26.93,-0.61,19.34
62898296,25,26.93,-0.61,19.19
62959332,25,26.93,-0.61,19.33
63020384,25,26.93,-0.61,19.30
63081428,25,26.93,-0.61,19.34
63142496,25,26.93,-0.61,19.30
63203564,25,26.93,-0.61,19.18
63264620,25,26.93,-0.61,19.40
63325688,25,26.93,-0.61,19.40
63386744,25,26.93,-0.61,19.35
63447796,25,26.93,-0.61,19.42
63508868,25,26.93,-0.61,19.27
63569932,25,26.93,-0.61,19.42
63630976,25,26.93,-0.61,19.30
63692032,25,27.45,-0.61,19.38
63753076,25,27.45,-0.61,19.46
63814132,25,27.45,-0.61,19.42
63875180,25,27.45,-0.61,19.46
63936220,25,27.45,-0.61,19.41
63997276,25,27.45,-0.61,19.38
64058328,25,27.45,-0.61,19.42
64119376,25,27.45,-0.61,19.43
64180424,25,27.45,-0.61,19.51
64241464,25,27.45,-0.61,19.47
64302520,25,27.45,-0.61,19.34
64363564,25,27.45,-0.61,19.56
64424604,25,27.45,-0.61,19.44
64485660,25,27.45,-0.61,19.44
64546692,25,27.45,-0.61,19.48
64607752,25,27.45,-0.61,19.51
64668792,25,27.45,-0.61,19.54
64729836,25,27.45,-0.61,19.66
64790884,25,27.45,-0.61,19.65
64851932,25,27.45,-0.61,19.61
64912976,25,27.45,-0.61,19.69
64974024,25,27.45,-0.61,19.71
65035064,25,27.45,-0.61,19.63
65096116,25,27.45,-0.61,19.66
65157164,25,27.45,-0.61,19.72
65218208,25,27.45,-0.61,19.66
65279256,25,27.45,-0.61,19.72
65340296,25,27.45,-0.61,19.68
65401352,25,27.45,-0.61,19.63
65462396,25,27.45,-0.61,19.66
65523436,25,27.45,-0.61,19.77
65584488,25,27.45,-0.61,19.77
65645516,25,27.45,-0.61,19.89
65706556,25,27.45,-0.61,19.75
65767584,25,27.45,-0.61,19.67
65828616,25,27.45,-0.61,19.83
65889648,25,27.45,-0.61,19.90
65950680,25,27.97,-0.61,19.73
66011732,25,27.97,-0.61,19.80
66072780,25,27.97,-0.61,19.85
66133824,25,27.97,-0.61,19.93
66194888,25,27.97,-0.61,19.98
66255952,25,27.97,-0.61,19.92
66317004,25,27.97,-0.61,19.79
66378068,25,27.97,-0.61,19.82
66439108,25,27.97,-0.61,19.81
66500168,25,27.97,-0.61,19.82
66561228,25,27.97,-0.61,19.85
66622280,25,27.97,-0.61,20.10
66683336,25,27.97,-0.61,19.96
66744400,25,27.97,-0.61,20.02
66805436,25,27.97,-0.61,19.82
66866504,25,27.97,-0.61,20.08
66927552,25,27.97,-0.61,20.03
66988608,25,27.97,-0.61,20.12
67049668,25,27.97,-0.61,19.92
67110720,25,27.97,-0.61,20.19
67171780,25,27.97,-0.61,20.16
67232824,25,27.97,-0.61,20.09
67293880,25,27.97,-0.61,20.08
67354940,25,27.97,-0.61,19.93
67416000,25,27.97,-0.61,20.20
67477044,25,27.97,-0.61,20.03
67538100,25,28.49,-0.61,20.18
67599148,25,28.49,-0.61,20.20
67660212,25,28.49,-0.01,20.33
67721252,25,28.49,-0.01,20.36
67782300,25,28.49,-0.01,20.31
67843364,25,28.49,-0.01,20.34
67904408,25,28.49,-0.01,20.34
67965472,25,28.49,-0.01,20.27
68026520,25,28.49,-0.01,20.18
68087572,25,28.49,-0.01,20.32
68148620,25,28.49,-0.01,20.34
68209680,25,28.49,-0.01,20.46
68270724,25,28.49,-0.01,20.53
68331772,25,28.49,-0.01,20.50
68392824,25,28.49,-0.01,20.58
68453884,25,28.49,-0.01,20.48
68514936,25,28.49,-0.01,20.51
68575976,25,28.49,-0.01,20.63
68637040,25,28.49,-0.01,20.52
68698084,25,28.49,-0.01,20.59
68759140,25,28.49,-0.01,20.56
68820200,25,28.49,-0.01,20.55
68881244,25,28.49,-0.01,20.65
68942308,25,28.49,-0.01,20.55
69003352,25,28.49,-0.01,20.57
69064388,25,28.49,-0.01,20.51
69125432,25,28.49,-0.01,20.60
69186468,25,28.49,-0.01,20.66
69247504,25,28.49,-0.01,20.57
69308548,25,28.49,-0.01,20.71
69369584,25,28.49,-0.01,20.61
69430632,25,28.49,-0.01,20.51
69491668,25,28.49,-0.01,20.67
69552712,25,28.49,1.39,20.61
69613748,25,28.49,3.68,20.61
69674796,25,28.49,2.54,20.57
69735848,25,28.49,0.04,20.49
69796872,25,28.49,-0.68,20.56
69857912,25,28.49,-0.68,20.67
69918964,25,28.49,-0.68,20.63
69979996,25,28.99,-0.68,20.81
70041044,25,28.99,-0.68,20.68
70102084,25,28.99,-0.68,20.67
70163116,25,28.99,-0.68,20.68
70224168,25,28.99,-0.68,20.81
70285188,25,28.99,-0.68,20.79
70346240,25,28.99,-0.68,20.80
70407280,25,28.99,-0.68,20.75
70468320,25,28.99,-0.68,20.78
70529376,25,28.99,-0.68,20.89
70590428,25,28.99,-0.68,20.80
70651488,25,28.99,-0.68,20.76
70712536,25,28.99,-0.68,20.77
70773592,25,28.99,-0.68,20.76
70834652,25,28.99,-0.68,20.77
70895700,25,28.99,-0.68,20.83
70956752,25,28.99,-0.68,20.80
71017808,25,28.99,-0.05,20.88
71078856,25,28.99,-0.05,20.77
71139908,25,28.99,-0.05,20.83
71200964,25,28.99,-0.05,20.92
71262004,25,28.99,-0.05,20.85
71323072,25,28.99,-0.05,20.71
71384116,25,28.99,-0.05,20.81
71445176,25,28.99,-0.05,20.93
71506232,25,28.99,-0.05,20.79
71567284,25,28.99,-0.05,20.84
71628340,25,28.99,-0.05,20.89
71689400,25,28.99,-0.05,20.81
71750444,25,28.99,-0.05,20.87
71811512,25,28.99,-0.05,20.86
71872564,25,28.99,-0.05,20.90
71933616,25,28.99,-0.05,20.95
71994664,25,28.99,-0.05,20.83
72055692,25,28.99,-0.05,20.97
72116740,25,29.51,-0.05,20.80
72177768,25,29.51,-0.05,20.69
72238804,25,29.51,-0.05,20.88
72299852,25,29.51,-0.05,20.84
72360884,25,29.51,-0.05,21.00
72421936,25,29.51,-0.05,20.85
72482968,25,29.51,-0.05,20.82
72544004,25,29.51,-0.05,20.97
72605052,25,29.51,-0.05,20.88
72666104,25,29.51,-0.05,20.94
72727152,25,29.51,-0.05,21.05
72788208,25,29.51,-0.05,20.74
72849260,25,29.51,-0.05,20.95
72910324,25,29.51,-0.05,21.08
72971376,25,29.51,-0.05,21.02
73032420,25,29.51,-0.05,20.86
73093484,25,29.51,-0.05,21.17
73154528,25,29.51,-0.05,21.10
73215588,25,29.51,-0.05,21.01
73276628,25,29.51,-0.05,20.99
73337676,25,29.51,-0.05,20.96
73398720,25,29.51,-0.05,21.05
73459748,25,29.51,-0.05,21.02
73520784,25,29.51,-0.05,21.07
73581832,25,29.51,-0.05,21.03
73642868,25,29.51,-0.05,21.12
73703908,25,29.51,-0.05,21.31
73764948,25,29.51,-0.05,21.09
73825984,25,29.51,-0.05,21.19

























































133887952,38,25.45,-0.05,0.05
133943996,38,14.34,-1.00,-0.20
134005060,38,6.55,-1.50,0.05
134066100,38,5.91,-1.50,-0.16
134127176,38,7.30,-1.50,-0.00
134188240,38,8.01,-1.50,0.09
134249276,38,8.01,-1.50,-0.11
134310344,38,8.01,-1.50,-0.09
134371392,38,8.01,-1.50,-0.03
134432432,38,8.01,-1.50,-0.03
134493472,38,8.01,-1.50,-0.06
134554508,38,8.01,-1.50,-0.23
134615552,38,8.51,-1.50,-0.12
134676604,38,8.51,0.29,-0.03
134737636,38,8.51,2.52,-0.13
134798692,38,8.51,1.47,-0.07
134859716,38,8.51,-0.98,0.08
134920772,38,8.51,-1.73,-0.16
134981824,38,9.04,-1.73,-0.14
135042856,38,9.04,-1.73,0.06
135103900,38,9.04,-1.73,-0.01
135164956,38,9.04,-1.73,0.10
135225984,38,9.04,-1.73,0.02
135287028,38,9.04,-1.20,-0.00
135348072,38,9.04,-1.20,-0.02
135409128,38,9.62,-1.20,0.08
135470176,38,9.62,-1.20,0.09
135531220,38,9.62,-1.20,-0.16
135592300,38,9.62,-1.20,0.15
135653340,38,10.18,-1.20,0.13
135714408,38,10.18,-1.20,0.06
135775468,38,10.18,-1.20,0.04
135836520,38,10.18,-1.20,-0.00
135897580,38,10.18,-1.20,0.03
135958640,38,10.18,-1.20,-0.03
136019696,38,10.80,-1.20,0.15
136080764,38,10.80,-1.20,0.13
136141808,38,10.80,-1.20,0.12
136202868,38,10.80,-1.20,-0.02
136263940,38,10.80,-1.20,-0.02
136324988,38,10.80,-1.20,0.01
136386052,38,11.32,-1.20,0.04
136447100,38,11.32,-1.20,-0.11
136508140,38,11.32,-1.20,-0.00
136569180,38,11.32,-1.20,0.00
136630144,38,11.83,-1.20,-0.10
136691268,38,11.83,-1.20,-0.00
136752308,38,11.83,-1.20,0.03
136813336,38,11.83,-1.20,-0.27
136874400,38,11.83,-1.20,-0.00
136935428,38,11.83,-1.20,0.12
136996464,38,12.48,-1.20,-0.09
137057528,38,12.48,-1.20,-0.10
137118560,38,12.48,-1.20,-0.17
137179600,38,12.48,-1.20,-0.07
137240644,38,12.48,-1.20,-0.07
137301700,38,13.05,-1.20,0.03
137362756,38,13.05,-1.20,0.10
137423812,38,13.05,-1.20,-0.06
137484880,38,13.62,-1.20,-0.15
137545944,38,13.62,-1.20,0.09
137606984,38,13.62,-1.20,-0.17
137668052,38,13.62,-1.20,-0.08
137729108,38,14.22,-1.20,0.04
137790132,38,14.22,-1.20,-0.04
137851184,38,14.22,0.57,-0.04
137912212,38,14.22,2.89,-0.10
137973268,38,14.79,1.74,-0.12
138034308,38,14.79,-0.77,0.01
138095352,38,14.79,-1.40,-0.04
138156400,38,14.79,-1.40,-0.14
138217440,38,15.50,-0.90,-0.15
138278488,38,15.50,-0.90,0.00
138339512,38,15.50,-0.90,0.05
138400564,38,15.50,-0.90,-0.18
138461616,38,16.29,-0.90,0.03
138522652,38,16.29,-0.90,0.03
138583684,38,16.29,-0.90,0.56
138644740,38,16.29,-0.90,0.48
138705780,38,16.84,-0.90,0.75
138766820,38,16.84,-0.90,1.11
138827856,38,16.84,-0.90,1.34
138888896,38,16.84,-0.90,1.59
138949948,38,16.84,-0.90,1.82
139010976,38,16.84,-0.90,2.11
139072032,38,16.84,-0.90,2.32
139133068,38,16.84,-0.90,2.60
139194104,38,16.84,-0.90,2.74
139255148,38,17.48,-0.90,2.87
139316188,38,17.48,-0.90,3.34
139377228,38,17.48,-0.90,3.50
139438276,38,17.48,-0.90,3.71
139499304,38,17.48,-0.90,4.15
139560348,38,17.48,-0.90,4.25
139621396,38,17.48,-0.90,4.60
139682432,38,18.02,-0.90,4.75
139743476,38,18.02,-0.90,4.81
139804508,38,18.02,-0.90,5.08
139865564,38,18.02,-0.90,5.27
139926608,38,18.02,-0.90,5.57
139987644,38,18.02,-0.90,5.69
140048688,38,18.02,-0.90,5.95
140109728,38,18.02,-0.90,6.36
140170772,38,18.61,-0.90,6.53
140231820,38,18.61,-0.90,6.74
140292848,38,18.61,-0.90,6.98
140353908,38,18.61,-0.90,7.08
140414932,38,18.61,-0.90,7.52
140475968,38,18.61,-0.90,7.62
140536992,38,19.25,-0.90,7.83
140598012,38,19.25,-0.90,8.29
140659044,38,19.25,-0.90,8.41
140720064,38,19.25,-0.90,8.63
140781104,38,19.25,-0.90,8.85
140842136,38,19.25,-0.90,8.96
140903156,38,19.25,-0.90,9.33
140964184,38,19.77,-0.90,9.36
141025208,38,19.77,-0.90,9.57
141086244,38,19.77,-0.90,10.11
141147272,38,19.77,-0.90,10.09
141208292,38,19.77,-0.90,10.40
141269328,38,19.77,-0.90,10.70
141330348,38,20.36,-0.90,10.59
141391372,38,20.36,-0.90,10.89
141452400,38,20.36,-0.90,11.16
141513420,38,20.36,-0.90,11.33
141574452,38,20.36,-0.90,11.70
141635484,38,20.36,-0.90,11.89
141696512,38,20.36,-0.90,12.08
141757548,38,20.88,-0.90,12.30
141818592,38,20.88,-0.90,12.53
141879628,38,20.88,-0.90,12.68
141940672,38,20.88,-0.90,12.95
142001708,38,20.88,-0.90,13.10
142062764,38,20.88,-1.40,13.33
142123800,38,21.47,-1.40,13.50
142184864,38,21.47,-1.40,13.49
142245920,38,21.47,-1.40,13.88
142306972,38,21.47,-1.40,13.95
142368028,38,21.47,-1.40,14.36
142429072,38,22.01,-1.40,14.46
142490128,38,22.01,-1.40,14.66
142551188,38,22.01,-1.40,14.87
142612240,38,22.01,-1.40,14.96
142673304,38,22.01,-1.40,15.29
142734356,38,22.01,-1.40,15.50
142795408,38,22.65,-1.40,15.72
142856480,38,22.65,-1.40,15.70
142917532,38,22.65,-1.40,15.91
142978588,38,22.65,-1.40,16.15
143039640,38,22.65,-1.40,16.25
143100688,38,22.65,-1.40,16.51
143161744,38,23.20,-1.40,16.61
143222780,38,23.20,-1.40,16.85
143283840,38,23.20,-1.40,17.03
143344888,38,23.20,-1.40,17.24
143405940,38,23.73,-1.40,17.43
143467008,38,23.73,-1.40,17.74
143528064,38,23.73,-1.40,17.87
143589120,38,23.73,-1.40,17.86
143650184,38,24.27,-1.40,18.07
143711228,38,24.27,-1.40,18.30
143772288,38,24.27,-1.40,18.37
143833328,38,24.27,-1.40,18.73
143894368,38,24.27,-1.40,18.61
143955412,38,24.27,-1.40,18.93
144016456,38,24.86,-1.40,18.90
144077492,38,24.86,-1.40,19.22
144138548,38,24.86,-1.40,19.43
144199600,38,24.86,-1.40,19.60
144260664,38,25.44,-1.40,19.73
144321720,38,25.44,-1.40,19.90
144382768,38,25.44,-1.40,19.96
144443828,38,25.44,-1.40,20.18
144504880,38,25.44,-1.40,20.36
144565928,38,25.95,-1.40,20.28
144626996,38,25.95,-0.90,20.62
144688060,38,25.95,-0.90,20.85
144749120,38,26.46,-0.90,20.92
144810176,38,26.46,-0.90,21.01
144871224,38,26.46,-0.90,21.35
144932288,38,26.46,-0.90,21.41
144993344,38,26.46,-0.90,21.68
145054400,38,27.04,-0.90,21.70
145115456,38,27.04,-0.90,21.88
145176516,38,27.04,-0.90,21.86
145237576,38,27.59,-0.90,22.22
145298640,38,27.59,-0.90,22.30
145359700,38,27.59,-0.90,22.25
145420760,38,27.59,-0.90,22.37
145481828,38,27.59,-0.90,22.38
145542876,38,28.18,-0.90,22.62
145603936,38,28.18,-0.90,22.71
145664992,38,28.18,-0.90,22.74
145726056,38,28.18,-0.90,23.02
145787104,38,28.75,-0.90,23.19
145848156,38,28.75,-0.90,23.26
145909212,38,28.75,-0.90,23.31
145970256,38,29.27,-0.90,23.50
146031300,38,29.27,-0.90,23.62
146092344,38,29.27,-0.90,23.71
146153392,38,29.27,-0.90,23.93
146214440,38,29.92,-0.90,23.91
146275492,38,29.92,-0.90,24.07
146336536,38,29.92,-0.90,24.03
146397584,38,29.92,-0.90,24.18
146458632,38,29.92,-0.90,24.22

























































206520588,51,25.76,-0.90,-0.05
206578948,51,14.33,-0.90,0.06
206639992,51,6.23,-0.90,0.00
206701036,51,5.63,-1.43,0.08
206762092,51,7.17,-1.43,-0.11
206823164,51,7.95,-1.43,-0.10
206884240,51,7.95,-1.43,-0.04
206945296,51,7.95,-1.43,-0.14
207006348,51,7.95,-1.43,-0.03
207067416,51,7.95,-1.43,0.00
207128460,51,7.95,-1.43,-0.00
207189532,51,7.95,-1.43,-0.07
207250592,51,8.52,-1.43,-0.06
207311636,51,8.52,-1.43,0.02
207372680,51,8.52,-1.43,-0.02
207433740,51,9.13,-0.82,0.03
207494784,51,9.13,-0.82,-0.07
207555868,51,9.13,-0.82,-0.12
207616924,51,9.13,-0.82,-0.10
207677980,51,9.13,-0.82,0.13
207739028,51,9.13,-0.82,0.02
207800084,51,9.76,-0.82,0.06
207861156,51,9.76,-0.82,0.07
207922200,51,9.76,-0.82,0.16
207983240,51,9.76,-0.82,-0.09
208044308,51,9.76,-0.82,-0.21
208105344,51,10.42,-0.82,-0.04
208166404,51,10.42,-0.82,0.01
208227444,51,10.42,-0.82,-0.03
208288484,51,10.42,-0.82,0.17
208349524,51,11.00,-0.82,-0.06
208410576,51,11.00,-0.82,0.04
208471612,51,11.00,-0.82,0.06
208532660,51,11.00,-0.82,-0.06
208593716,51,11.58,-0.82,0.03
208654768,51,11.58,-0.82,-0.02
208715828,51,11.58,-0.82,0.03
208776864,51,12.14,-0.82,-0.25
208837928,51,12.14,-0.82,-0.11
208898976,51,12.14,-0.82,-0.10
208960036,51,12.71,-0.82,0.11
209021080,51,12.71,-0.82,0.07
209082132,51,12.71,-0.82,0.06
209143192,51,13.33,-0.82,0.04
209204240,51,13.33,-0.82,-0.07
209265288,51,13.33,-0.82,-0.03
209326340,51,13.91,-0.82,-0.04
209387384,51,13.91,-0.82,-0.06
209448440,51,14.56,-0.82,-0.06
209509492,51,14.56,-0.82,0.01
209570524,51,14.56,-0.82,-0.10
209631600,51,15.23,-0.82,0.02
209692624,51,15.23,-0.82,0.08
209753660,51,15.82,-0.82,-0.10
209814712,51,15.82,-0.82,0.00
209875740,51,16.37,-0.82,0.72
209936808,51,16.37,-0.82,0.95
209997872,51,16.37,-0.82,1.37
210058912,51,16.37,-0.82,1.90
210119968,51,16.95,-0.82,2.19
210181020,51,16.95,-0.82,2.65
210242076,51,16.95,-0.82,3.14
210303112,51,16.95,-0.82,3.48
210364156,51,16.95,-0.82,3.90
210425216,51,17.52,-0.82,4.30
210486244,51,17.52,-0.82,4.66
210547296,51,17.52,-0.82,5.01
210608344,51,18.02,-0.82,5.59
210669388,51,18.02,-0.82,5.85
210730448,51,18.02,-0.82,6.33
210791500,51,18.02,-0.82,6.74
210852560,51,18.61,-0.82,7.14
210913628,51,18.61,-0.82,7.71
210974680,51,18.61,-0.82,8.12
211035752,51,19.23,-0.82,8.51
211096812,51,19.23,-0.82,8.98
211157864,51,19.23,-0.82,9.35
211218916,51,19.23,-0.82,9.86
211279968,51,19.23,-0.82,10.15
211341012,51,19.86,-0.82,10.67
211402072,51,19.86,-0.82,10.97
211463112,51,19.86,-0.82,11.37
211524152,51,19.86,-0.82,11.77
211585200,51,20.58,-0.82,12.24
211646244,51,20.58,-0.82,12.62
211707312,51,20.58,-0.82,13.14
211768364,51,20.58,0.42,13.44
211829400,51,21.19,2.70,13.83
211890472,51,21.19,1.61,14.29
211951504,51,21.19,-0.93,14.67
212012572,51,21.79,-1.71,14.92
212073616,51,21.79,-1.71,15.38
212134656,51,21.79,-1.71,15.93
212195716,51,22.40,-1.18,16.18
212256752,51,22.40,-1.18,16.54
212317808,51,22.40,-1.18,16.84
212378856,51,22.91,-1.18,17.41
212439892,51,22.91,-1.18,17.76
212500944,51,22.91,-1.18,18.06
212561988,51,23.72,-1.18,18.45
212623028,51,23.72,-1.18,18.85
212684088,51,23.72,-1.18,19.06
212745116,51,24.39,-1.18,19.47
212806160,51,24.39,-1.18,19.67
212867200,51,24.39,-1.18,19.95
212928240,51,25.08,-1.18,20.35
212989280,51,25.08,-1.18,20.59
213050316,51,25.08,-1.18,21.14
213111360,51,25.72,-1.18,21.27
213172416,51,25.72,-1.18,21.78
213233460,51,25.72,-1.18,21.81
213294500,51,26.57,-1.18,22.30
213355552,51,26.57,-1.18,22.38
213416592,51,26.57,-1.18,22.82
213477644,51,27.36,-1.18,23.11
213538676,51,27.36,-1.18,23.28
213599736,51,28.07,-1.18,23.67
213660776,51,28.07,-1.18,23.89
213721820,51,28.07,-1.18,24.02
213782860,51,28.87,-1.18,24.07
213843892,51,28.87,-1.18,24.39
213904932,51,29.40,-1.18,24.56
213965964,51,29.40,-1.18,24.63
214026992,51,29.96,-1.18,24.80
214088036,51,29.96,-1.18,25.15

























































274149976,64,25.91,-1.18,-0.09
274206256,64,14.20,-1.18,0.02
274267292,64,5.89,-1.18,0.14
274328320,64,5.28,-1.18,-0.03
274389372,64,6.82,-1.18,0.13
274450400,64,7.61,-1.18,0.06
274511448,64,7.61,-1.18,-0.08
274572504,64,7.61,-1.18,0.03
274633532,64,7.61,-1.18,0.02
274694584,64,7.61,-1.18,0.17
274755628,64,8.15,-1.18,-0.02
274816676,64,8.15,-1.18,0.09
274877720,64,8.15,-1.18,-0.07
274938768,64,8.15,-1.18,0.06
274999808,64,8.82,-1.18,-0.02
275060860,64,8.82,0.62,0.01
275121892,64,8.82,2.78,0.21
275182948,64,8.82,1.58,-0.14
275243992,64,9.50,-0.90,-0.04
275305060,64,9.50,-1.52,0.02
275366084,64,9.50,-1.52,-0.12
275427132,64,9.50,-1.52,0.10
275488180,64,10.15,-1.01,-0.02
275549220,64,10.15,-1.01,-0.03
275610264,64,10.73,-1.01,-0.08
275671320,64,10.73,-1.01,-0.05
275732356,64,10.73,-1.01,0.17
275793396,64,11.32,-1.01,-0.10
275854452,64,11.32,-1.01,-0.12
275915492,64,11.32,-1.01,-0.05
275976548,64,11.99,-1.01,-0.14
276037588,64,11.99,-1.01,-0.01
276098652,64,11.99,-1.01,-0.01
276159700,64,12.55,-1.01,-0.11
276220736,64,12.55,-1.01,-0.17
276281788,64,13.30,-1.01,-0.08
276342832,64,13.30,-1.01,0.04
276403860,64,13.94,-1.01,-0.03
276464920,64,13.94,-1.01,-0.08
276525964,64,14.65,-1.01,-0.08
276587016,64,14.65,-1.01,-0.07
276648064,64,15.45,-1.01,0.85
276709096,64,15.45,-1.01,0.56
276770148,64,16.17,-1.01,0.92
276831180,64,16.17,-1.01,1.57
276892232,64,16.17,-1.01,2.26
276953288,64,16.17,0.92,2.55
277014328,64,16.68,3.26,3.28
277075376,64,16.68,2.20,4.04
277136404,64,16.68,-0.30,4.60
277197424,64,17.29,-1.04,5.27
277258460,64,17.29,-1.04,5.90
277319492,64,17.29,-1.04,6.58
277380524,64,17.93,-1.04,7.06
277441556,64,17.93,-1.04,7.74
277502600,64,17.93,-1.04,8.34
277563648,64,18.53,-1.04,9.09
277624684,64,18.53,-1.04,9.68
277685736,64,19.20,-1.04,10.07
277746788,64,19.20,-1.04,10.79
277807844,64,19.20,-1.04,11.33
277868904,64,19.78,-1.04,12.25
277929952,64,19.78,-1.04,12.75
277991024,64,19.78,-1.04,13.39
278052076,64,20.48,-1.04,14.09
278113116,64,20.48,-1.04,14.68
278174180,64,21.22,-1.04,15.34
278235236,64,21.22,-1.04,16.17
278296284,64,21.86,-1.04,16.70
278357356,64,21.86,-1.04,17.34
278418404,64,22.52,-1.04,17.92
278479464,64,22.52,-1.04,18.43
278540516,64,23.15,-1.04,19.02
278601544,64,23.15,-1.04,19.47
278662604,64,23.88,-1.04,19.99
278723652,64,23.88,-1.04,20.60
278784680,64,24.64,-1.04,21.16
278845732,64,24.64,-1.04,21.65
278906776,64,24.64,-1.04,22.24
278967824,64,25.62,-1.04,22.68
279028864,64,26.30,-1.04,23.17
279089900,64,26.82,-1.04,23.40
279150948,64,26.82,-1.04,23.99
279211992,64,27.62,-1.04,24.51
279273032,64,27.62,-1.04,24.56
279334080,64,28.50,-1.04,25.01
279395104,64,29.03,-1.04,25.22
279456160,64,29.03,-1.04,25.58
279517208,64,29.88,-1.04,25.69
279578248,64,29.88,-1.04,26.12

























































339640212,76,26.05,-1.04,-0.06
339698804,76,14.09,-1.04,-0.03
339759852,76,5.59,-1.04,-0.10
339820904,76,4.99,0.41,-0.09
339881952,76,6.63,2.61,-0.01
339943016,76,7.47,1.51,0.05
340004060,76,7.47,-0.91,-0.02
340065124,76,7.47,-1.52,-0.04
340126188,76,7.47,-1.52,0.05
340187240,76,7.98,-1.52,-0.02
340248300,76,7.98,-1.52,-0.13
340309368,76,7.98,-0.98,0.02
340370416,76,8.52,-0.98,0.01
340431464,76,8.52,-0.98,0.08
340492524,76,9.14,-0.98,-0.02
340553588,76,9.14,-0.98,-0.06
340614648,76,9.14,-0.98,-0.01
340675716,76,9.68,-0.98,0.06
340736756,76,9.68,-0.98,-0.07
340797832,76,10.21,-0.98,0.08
340858876,76,10.21,-0.98,-0.05
340919948,76,10.21,-0.98,0.00
340980996,76,11.00,-0.98,0.05
341042064,76,11.00,-0.98,0.10
341103128,76,11.58,-0.98,-0.06
341164204,76,11.58,-0.98,0.03
341225236,76,12.10,-0.98,0.05
341286296,76,12.10,-0.98,-0.12
341347364,76,12.89,-0.98,0.00
341408420,76,12.89,-0.98,-0.14
341469488,76,13.67,-0.98,-0.06
341530536,76,13.67,-0.98,-0.06
341591600,76,14.54,-0.98,0.05
341652652,76,14.54,-0.98,0.91
341713704,76,15.50,-0.98,1.03
341774752,76,15.50,-0.47,1.14
341835816,76,16.18,-0.47,1.97
341896872,76,16.18,-0.47,2.55
341957944,76,16.18,-0.47,3.35
342019004,76,16.18,-0.47,4.22
342080068,76,16.85,-0.47,5.25
342141128,76,16.85,-0.47,5.82
342202180,76,17.43,-0.47,6.63
342263240,76,17.43,-0.47,7.70
342324296,76,17.43,-0.47,8.50
342385352,76,18.24,-0.47,9.32
342446404,76,18.24,-0.47,10.07
342507464,76,19.14,-0.47,10.90
342568520,76,19.14,-0.47,11.88
342629556,76,19.67,-0.47,12.59
342690592,76,19.67,-0.47,13.40
342751652,76,20.23,-0.47,14.20
342812692,76,20.23,-0.98,15.05
342873740,76,21.01,-0.98,16.06
342934796,76,21.01,-0.98,16.91
342995852,76,21.84,-0.98,17.70
343056932,76,21.84,-0.98,18.54
343117976,76,22.79,-0.98,19.33
343179016,76,23.33,-0.98,19.97
343240060,76,23.33,-0.98,20.67
343301088,76,24.24,-0.98,21.62
343362140,76,24.24,-0.98,22.41
343423184,76,25.32,-0.98,22.78
343484232,76,25.88,-0.98,23.43
343545288,76,26.41,-0.98,24.07
343606340,76,26.97,-0.98,24.54
343667404,76,27.58,-0.98,24.91
343728460,76,28.22,-0.98,25.52
343789512,76,28.85,-0.98,25.94
343850584,76,29.48,-0.98,26.02

























































403912548,89,25.52,-0.98,0.06
403970076,89,13.77,-0.98,0.06
404031116,89,5.40,-0.98,-0.01
404092172,89,4.80,-0.98,0.02
404153196,89,6.42,-0.98,-0.16
404214264,89,7.26,-0.98,-0.10
404275308,89,7.26,-0.98,0.02
404336344,89,7.26,0.50,0.05
404397380,89,7.26,2.77,-0.00
404458440,89,8.04,1.78,-0.07
404519480,89,8.04,-0.68,-0.11
404580536,89,8.04,-1.45,-0.09
404641576,89,8.78,-1.45,-0.09
404702640,89,8.78,-1.45,0.02
404763676,89,9.31,-0.91,-0.02
404824740,89,9.31,-0.91,0.02
404885792,89,9.31,-0.91,0.02
404946848,89,10.04,-0.91,-0.01
405007932,89,10.04,-0.91,0.06
405068992,89,10.67,-0.91,0.06
405130052,89,10.67,-0.91,-0.10
405191132,89,11.44,-0.91,-0.01
405252192,89,11.44,-0.91,0.04
405313228,89,12.08,-0.91,-0.01
405374308,89,12.08,-0.91,-0.13
405435336,89,13.05,-0.91,-0.00
405496388,89,13.55,-0.91,-0.07
405557440,89,14.06,-0.91,0.18
405618496,89,14.63,-0.91,0.30
405679560,89,15.21,-0.91,1.12
405740624,89,15.21,-0.91,1.32
405801680,89,15.97,-0.91,2.37
405862760,89,15.97,-0.37,3.36
405923816,89,16.50,-0.37,4.44
405984868,89,16.50,-0.37,5.37
406045932,89,16.50,-0.37,6.49
406106988,89,17.33,-0.37,7.54
406168052,89,17.33,-0.37,8.47
406229104,89,18.19,-0.37,9.40
406290140,89,18.19,-0.37,10.46
406351200,89,19.05,-0.37,11.38
406412232,89,19.05,-0.37,12.47
406473296,89,19.80,-0.37,13.48
406534364,89,19.80,-0.89,14.39
406595420,89,20.62,-0.89,15.50
406656468,89,21.14,-0.89,16.61
406717508,89,21.14,-0.89,17.47
406778552,89,22.12,-0.89,18.60
406839608,89,22.63,-0.89,19.57
406900652,89,23.20,-0.89,20.32
406961700,89,23.87,-0.89,21.43
407022756,89,24.55,-0.89,22.53
407083808,89,25.19,-0.89,23.18
407144876,89,25.86,0.51,23.86
407205920,89,26.59,2.73,24.62
407266980,89,27.43,1.59,25.25
407328036,89,28.26,-0.92,25.82
407389096,89,28.96,-1.65,26.14
407450160,89,29.62,-1.65,26.36

























































467512136,102,25.79,-1.11,0.01
467571908,102,13.86,-1.11,-0.10
467632960,102,5.29,-1.11,-0.03
467693996,102,4.63,-1.11,0.03
467755036,102,6.28,-1.11,-0.13
467816088,102,7.27,-1.11,-0.11
467877140,102,7.27,-1.11,-0.11
467938180,102,7.27,-1.11,-0.06
467999236,102,7.27,-1.11,-0.08
468060284,102,7.89,-1.11,0.12
468121312,102,7.89,-1.11,-0.21
468182372,102,8.64,-1.11,-0.08
468243408,102,8.64,-1.11,-0.08
468304468,102,9.31,-1.11,0.00
468365436,102,9.31,-1.11,0.09
468426548,102,10.02,-1.11,-0.15
468487612,102,10.02,-1.11,-0.04
468548672,102,10.66,-1.11,-0.10
468609732,102,10.66,-1.11,0.12
468670784,102,11.45,-1.11,0.06
468731840,102,11.98,-0.48,0.03
468792912,102,12.52,-0.48,-0.12
468853972,102,13.10,-0.48,0.00
468915016,102,13.72,-0.48,0.00
468976080,102,14.41,-0.48,1.82
469037148,102,15.06,-0.48,1.49
469098200,102,15.06,-0.48,2.37
469159280,102,15.66,-0.48,3.22
469220328,102,15.66,-0.48,4.49
469281400,102,16.29,-0.48,5.78
469342456,102,16.82,-0.48,7.07
469403492,102,16.82,-0.48,8.21
469464536,102,17.78,-0.48,9.35
469525588,102,18.30,-0.48,10.60
469586636,102,18.80,-0.48,11.80
469647692,102,18.80,-0.48,13.18
469708728,102,19.68,-0.48,14.37
469769780,102,19.68,-0.48,15.65
469830832,102,20.53,-0.48,17.20
469891864,102,21.20,-0.48,18.36
469952932,102,21.92,-0.48,19.72
470013996,102,22.79,-0.48,20.77
470075044,102,23.73,-0.48,22.07
470136108,102,24.56,-0.99,23.12
470197160,102,25.34,-0.99,24.24
470258220,102,26.19,-0.99,25.12
470319280,102,27.10,-0.99,25.86
470380340,102,28.00,-0.99,26.31
470441412,102,28.94,-0.99,26.74
470502472,102,29.89,-0.99,27.19

























































530564404,115,26.15,2.88,-0.02
530621600,115,13.98,1.68,0.04
530682628,115,5.28,-0.91,-0.12
530743688,115,4.70,-1.57,0.05
530804732,115,6.46,-1.57,0.15
530865796,115,7.37,-0.81,-0.16
530926872,115,7.37,-0.81,-0.03
530987928,115,7.37,-0.81,0.01
531048992,115,7.98,-0.81,0.07
531110060,115,7.98,-0.81,-0.02
531171120,115,8.78,-0.81,-0.11
531232180,115,8.78,-0.81,-0.12
531293244,115,9.58,-0.81,-0.03
531354300,115,9.58,-0.81,0.04
531415352,115,10.33,-0.81,-0.18
531476404,115,10.33,-0.81,0.00
531537440,115,11.16,-0.81,-0.04
531598500,115,11.72,-0.81,-0.01
531659548,115,12.34,-0.81,-0.00
531720584,115,12.92,-0.81,-0.02
531781624,115,13.54,-0.81,-0.12
531842676,115,14.34,-0.81,0.29
531903712,115,15.16,-0.81,1.67
531964764,115,15.74,-0.29,2.92
532025832,115,15.74,-0.29,4.42
532086872,115,16.38,-0.29,5.92
532147920,115,16.38,-0.29,7.32
532208972,115,17.25,-0.29,8.79
532270012,115,17.25,-0.29,9.98
532331072,115,18.27,-0.29,11.62
532392124,115,18.93,-0.29,13.07
532453156,115,19.55,-0.29,14.52
532514212,115,20.11,-0.83,16.23
532575256,115,20.77,-0.83,17.81
532636308,115,21.55,-0.83,19.23
532697356,115,22.40,-0.83,20.53
532758404,115,23.31,-0.83,22.18
532819464,115,24.20,-0.83,23.63
532880512,115,25.19,-0.83,24.80
532941556,115,26.33,-0.83,25.75
533002620,115,27.46,-0.83,26.65
533063688,115,28.57,-0.83,27.19
533124744,115,29.78,-0.83,27.64

























































593186728,127,26.48,-0.83,-0.14
593245408,127,14.08,-0.83,-0.04
593306456,127,5.13,-0.83,0.08
593367488,127,4.53,-0.83,-0.00
593428540,127,6.43,-0.83,-0.01
593489592,127,7.49,-0.83,-0.08
593550664,127,7.49,-0.83,-0.03
593611720,127,8.01,-0.83,0.00
593672768,127,8.01,-0.83,0.16
593733832,127,8.84,-0.83,0.01
593794900,127,8.84,-0.83,0.00
593855932,127,9.67,-0.83,0.10
593916984,127,9.67,-0.83,-0.02
593978024,127,10.51,-0.83,-0.07
594039072,127,11.03,-0.83,0.03
594100104,127,11.57,-0.83,-0.08
594161176,127,12.14,-0.83,-0.02
594222228,127,12.81,-0.83,0.17
594283272,127,13.57,-0.83,-0.21
594344356,127,14.42,-0.83,0.36
594405404,127,15.26,-0.83,2.35
594466472,127,15.85,-0.83,3.78
594527548,127,15.85,-0.83,5.50
594588596,127,16.57,-0.83,7.13
594649660,127,17.15,-0.83,8.87
594710720,127,17.89,-0.83,10.46
594771788,127,18.58,-0.83,12.20
594832852,127,19.23,-0.83,14.00
594893908,127,19.88,-0.83,15.57
594954960,127,20.59,-0.83,17.46
595016004,127,21.42,-0.83,19.19
595077044,127,22.31,-0.83,20.60
595138116,127,23.23,-0.83,22.22
595199180,127,24.18,-0.83,23.65
595260248,127,25.20,0.69,25.12
595321304,127,26.42,2.88,26.08
595382384,127,27.83,1.74,27.23
595443440,127,29.32,-0.77,27.70





























































































































































































































































































































































